0 0
0.15 7.160191459696562e-009
0.3 1.647905040872604e-008
0.45 2.724636264388813e-008
0.6 3.801367487905022e-008
0.75 4.878098711421231e-008
0.9 5.934304900019438e-008
1.05 6.666114958113697e-008
1.2 7.397925016207958e-008
1.35 8.129735074302217e-008
1.5 8.861545132396476e-008
1.65 1.066714188990177e-007
1.8 1.34616781211231e-007
1.95 1.625621435234442e-007
2.1 1.905075058356574e-007
2.25 2.184528681478707e-007
2.4 2.46398230460084e-007
2.55 2.743435927722972e-007
2.7 3.022889550845105e-007
2.85 3.302343173967237e-007
3 3.988879171758845e-007
3.15 5.187903517921299e-007
3.3 6.386927864083753e-007
3.45 7.585952210246209e-007
3.6 8.784976556408662e-007
3.75 9.984000902571115e-007
3.9 1.118302524873357e-006
4.05 1.238204959489603e-006
4.2 1.358107394105848e-006
4.350000000000001 1.478009828722094e-006
4.5 1.597912263338339e-006
4.65 1.717814697954585e-006
4.8 1.83771713257083e-006
4.95 1.957619567187076e-006
5.100000000000001 2.077522001803321e-006
5.25 2.197424436419566e-006
5.4 2.317326871035812e-006
5.55 2.437229305652057e-006
5.7 2.585302333129359e-006
5.850000000000001 2.803384545193591e-006
6 3.021466757257821e-006
6.15 3.239548969322053e-006
6.3 3.457631181386284e-006
6.45 3.675713393450516e-006
6.600000000000001 3.893795605514748e-006
6.75 4.111877817578978e-006
6.9 4.32996002964321e-006
7.05 4.548042241707441e-006
7.2 4.766124453771673e-006
7.350000000000001 4.984206665835905e-006
7.5 5.202288877900135e-006
7.65 5.420371089964368e-006
7.8 5.638453302028599e-006
7.95 5.85653551409283e-006
8.1 6.074617726157061e-006
8.25 6.292699938221292e-006
8.4 6.510782150285524e-006
8.550000000000001 6.728864362349756e-006
8.700000000000001 6.946946574413987e-006
8.85 7.165028786478218e-006
9 7.38311099854245e-006
9.15 7.60119321060668e-006
9.300000000000001 7.819275422670913e-006
9.450000000000001 8.037357634735146e-006
9.6 8.255439846799377e-006
9.75 8.473522058863606e-006
9.9 8.691604270927838e-006
10.05 8.909686482992072e-006
10.2 9.1277686950563e-006
10.35 9.345850907120531e-006
10.5 9.563933119184765e-006
10.65 9.782015331248998e-006
10.8 1.000009754331323e-005
10.95 1.021817975537746e-005
11.1 1.043626196744169e-005
11.25 1.064199117078686e-005
11.4 1.084740897148073e-005
11.55 1.10528267721746e-005
11.7 1.125824457286846e-005
11.85 1.146366237356233e-005
12 1.166908017425619e-005
12.15 1.187449797495006e-005
12.3 1.207991577564393e-005
12.45 1.228533357633779e-005
12.6 1.249075137703166e-005
12.75 1.269616917772553e-005
12.9 1.290158697841939e-005
13.05 1.310700477911326e-005
13.2 1.331242257980713e-005
13.35 1.351784038050099e-005
13.5 1.372325818119486e-005
13.65 1.392867598188873e-005
13.8 1.413409378258259e-005
13.95 1.433951158327646e-005
14.1 1.454492938397032e-005
14.25 1.475034718466419e-005
14.4 1.495576498535806e-005
14.55 1.516118278605193e-005
14.7 1.536660058674579e-005
14.85 1.557201838743966e-005
15 1.577743618813352e-005
15.15 1.598285398882739e-005
15.3 1.618827178952126e-005
15.45 1.639368959021513e-005
15.6 1.659910739090899e-005
15.75 1.680452519160286e-005
15.9 1.700994299229672e-005
16.05 1.721536079299059e-005
16.2 1.742077859368446e-005
16.35 1.762619639437833e-005
16.5 1.783161419507219e-005
16.65 1.814737835549838e-005
16.8 1.85190070328174e-005
16.95 1.889063571013641e-005
17.1 1.926226438745543e-005
17.25 1.963389306477444e-005
17.4 2.000552174209346e-005
17.55 2.037715041941247e-005
17.7 2.074877909673148e-005
17.85 2.11204077740505e-005
18 2.149203645136951e-005
18.15 2.186366512868852e-005
18.3 2.223529380600753e-005
18.45 2.260692248332654e-005
18.6 2.297855116064556e-005
18.75 2.335017983796457e-005
18.9 2.372180851528359e-005
19.05 2.40934371926026e-005
19.2 2.446506586992161e-005
19.35 2.483669454724063e-005
19.5 2.520832322455965e-005
19.65 2.557995190187865e-005
19.8 2.595158057919767e-005
19.95 2.632320925651668e-005
20.1 2.66948379338357e-005
20.25 2.706646661115471e-005
20.4 2.743809528847372e-005
20.55 2.780972396579274e-005
20.7 2.818135264311174e-005
20.85 2.855298132043077e-005
21 2.892460999774977e-005
21.15 2.929623867506879e-005
21.3 2.966786735238781e-005
21.45 3.003949602970681e-005
21.6 3.041112470702583e-005
21.75 3.078275338434484e-005
21.9 3.115438206166386e-005
22.05 3.192553087092788e-005
22.2 3.343094796610008e-005
22.35 3.493636506127235e-005
22.5 3.644178215644456e-005
22.65 3.79471992516168e-005
22.8 3.9452616346789e-005
22.95 4.095803344196124e-005
23.1 4.246345053713348e-005
23.25 4.396886763230568e-005
23.4 4.547428472747791e-005
23.55 4.697970182265012e-005
23.7 4.848511891782235e-005
23.85 4.99905360129946e-005
24 5.149595310816679e-005
24.15 5.300137020333904e-005
24.3 5.450678729851124e-005
24.45 5.601220439368347e-005
24.6 5.751762148885571e-005
24.75 5.902303858402792e-005
24.9 6.052845567920016e-005
25.05 6.203387277437235e-005
25.2 6.35392898695446e-005
25.35 6.504470696471683e-005
25.5 6.655012405988903e-005
25.65 6.805554115506127e-005
25.8 6.956095825023351e-005
25.95 7.10663753454057e-005
26.1 7.257179244057795e-005
26.25 7.407720953575015e-005
26.4 7.558262663092239e-005
26.55 7.708804372609464e-005
26.7 7.859346082126683e-005
26.85 8.009887791643908e-005
27 8.160429501161128e-005
27.15 8.310971210678351e-005
27.3 8.461512920195576e-005
27.45 8.616830971003388e-005
27.6 8.884271392542918e-005
27.75 9.151711814082439e-005
27.9 9.41915223562197e-005
28.05 9.686592657161491e-005
28.2 9.954033078701013e-005
28.35 0.0001022147350024054
28.5 0.0001048891392178006
28.65 0.0001075635434331959
28.8 0.0001102379476485912
28.95 0.0001129123518639864
29.1 0.0001155867560793817
29.25 0.0001182611602947769
29.4 0.0001209355645101722
29.55 0.0001236099687255674
29.7 0.0001262843729409626
29.85 0.0001289587771563579
30 0.0001316331813717532
30.15 0.0001343075855871484
30.3 0.0001369819898025436
30.45 0.0001396563940179389
30.6 0.0001423307982333342
30.75 0.0001450052024487294
30.9 0.0001476796066641247
31.05 0.0001503540108795199
31.2 0.0001530284150949151
31.35 0.0001557028193103104
31.5 0.0001583772235257056
31.65 0.0001610516277411009
31.8 0.0001637260319564961
31.95 0.0001664004361718914
32.1 0.0001690748403872866
32.25 0.0001717492446026819
32.4 0.0001744236488180771
32.55 0.0001770980530334723
32.7 0.0001797724572488676
32.85 0.0001824468614642629
33 0.0001852563741923295
33.15 0.0001881160257071909
33.3 0.0001909756772220524
33.45 0.000193835328736914
33.6 0.0001966949802517754
33.75 0.000199554631766637
33.9 0.0002024142832814984
34.05 0.0002052739347963599
34.2 0.0002081335863112215
34.35 0.000210993237826083
34.5 0.0002138528893409445
34.65 0.000216712540855806
34.8 0.0002195721923706676
34.95 0.000222431843885529
35.1 0.0002252914954003905
35.25 0.000228151146915252
35.4 0.0002310107984301135
35.55 0.0002338704499449751
35.7 0.0002367301014598366
35.85 0.0002395897529746981
36 0.0002424494044895595
36.15 0.0002453090560044211
36.3 0.0002481687075192826
36.45 0.0002510283590341441
36.6 0.0002538880105490056
36.75 0.0002567476620638671
36.9 0.0002596073135787287
37.05 0.0002624669650935903
37.2 0.0002653266166084517
37.35 0.0002681862681233131
37.5 0.0002710459196381747
37.65 0.0002739055711530361
37.8 0.0002767652226678978
37.95 0.0002796248741827592
38.1 0.0002824845256976207
38.25 0.0002853441772124822
38.4 0.0002896859196767691
38.55 0.0002960927379831962
38.7 0.000302499556289623
38.85 0.0003089063745960498
39 0.0003153131929024767
39.15 0.0003217200112089035
39.3 0.0003281268295153306
39.45 0.0003345336478217574
39.6 0.0003409404661281843
39.75 0.0003473472844346111
39.9 0.0003537541027410379
40.05 0.0003601609210474652
40.2 0.0003665677393538921
40.35 0.0003729745576603189
40.5 0.0003793813759667457
40.65 0.0003857881942731726
40.8 0.0003921950125795997
40.95 0.0003986018308860265
41.1 0.0004050086491924534
41.25 0.0004114154674988801
41.4 0.000417822285805307
41.55 0.000424229104111734
41.7 0.0004306359224181609
41.85 0.0004370427407245877
42 0.0004434495590310146
42.15 0.0004498563773374415
42.3 0.0004562631956438687
42.45 0.0004626700139502955
42.6 0.0004690768322567224
42.75 0.0004754836505631492
42.9 0.0004818904688695761
43.05 0.0004882972871760032
43.2 0.00049470410548243
43.35 0.0005011109237888569
43.5 0.0005075177420952836
43.65 0.0005139245604017105
43.8 0.0005202689073617056
43.95 0.0005260880720017844
44.1 0.0005319072366418633
44.25 0.0005377264012819421
44.4 0.0005435455659220209
44.55 0.0005493647305621002
44.7 0.0005551838952021789
44.85 0.0005610030598422578
45 0.0005668222244823366
45.15 0.0005726413891224155
45.3 0.0005784605537624947
45.45 0.0005842797184025734
45.6 0.0005900988830426523
45.75 0.0005959180476827312
45.9 0.00060173721232281
46.05 0.0006075563769628891
46.2 0.000613375541602968
46.35 0.0006191947062430469
46.5 0.0006250138708831256
46.65 0.0006308330355232045
46.8 0.0006366522001632837
46.95 0.0006424713648033625
47.1 0.0006482905294434414
47.25 0.0006541096940835202
47.4 0.0006599288587235991
47.55 0.0006657480233636781
47.7 0.000671567188003757
47.85 0.0006773863526438359
48 0.0006832055172839147
48.15 0.0006890246819239938
48.3 0.000694843846564073
48.45 0.0007006630112041519
48.6 0.0007064821758442307
48.75 0.0007123013404843095
48.9 0.0007181205051243883
49.05 0.0007239396697644675
49.2 0.0007297588344045463
49.35 0.0007447014687002008
49.5 0.0007619997434042262
49.65 0.0007792980181082513
49.8 0.0007965962928122771
49.95 0.000813894567516303
50.1 0.0008311928422203281
50.25 0.0008484911169243533
50.4 0.0008657893916283784
50.55 0.0008830876663324042
50.7 0.0009003859410364294
50.85 0.0009176842157404548
51 0.00093498249044448
51.15 0.0009522807651485051
51.3 0.0009695790398525316
51.45 0.000986877314556557
51.6 0.001004175589260582
51.75 0.001021473863964607
51.9 0.001038772138668632
52.05 0.001056070413372659
52.2 0.001073368688076684
52.35 0.001090666962780709
52.5 0.001107965237484734
52.65 0.00112526351218876
52.8 0.001142561786892786
52.95 0.001159860061596811
53.1 0.001177158336300837
53.25 0.001194456611004862
53.4 0.001211754885708887
53.55 0.001229053160412913
53.7 0.001246351435116938
53.85 0.001263649709820964
54 0.001280947984524989
54.15 0.001298246259229014
54.3 0.001315544533933039
54.45 0.001332842808637064
54.6 0.001350141083341091
54.75 0.001373327370969827
54.9 0.001402809300864984
55.05 0.001432291230760141
55.2 0.001461773160655298
55.35 0.001491255090550454
55.5 0.001520737020445611
55.65 0.001550218950340768
55.8 0.001579700880235926
55.95 0.001609182810131083
56.1 0.00163866474002624
56.25 0.001668146669921397
56.4 0.001697628599816553
56.55 0.00172711052971171
56.7 0.001756592459606867
56.85 0.001786074389502024
57 0.001815556319397181
57.15 0.001845038249292337
57.3 0.001874520179187496
57.45 0.001904002109082653
57.6 0.001933484038977809
57.75 0.001962965968872966
57.9 0.001992447898768123
58.05 0.00202192982866328
58.2 0.002051411758558436
58.35 0.002080893688453593
58.5 0.00211037561834875
58.65 0.002139857548243907
58.8 0.002169339478139065
58.95 0.002198821408034222
59.1 0.002228303337929379
59.25 0.002257785267824535
59.4 0.00228726719771969
59.55 0.002316749127614849
59.7 0.002346231057510006
59.85 0.002375712987405162
60 0.002405194917300319
