0 -0.02837614383701641
0.15 -0.02817792233719713
0.3 -0.02797970083737785
0.45 -0.02778147933755857
0.6 -0.0275832578377393
0.75 -0.02738503633792002
0.9 -0.02718681483810075
1.05 -0.02698859333828147
1.2 -0.02679037183846219
1.35 -0.02659215033864292
1.5 -0.02639392883882364
1.65 -0.02619570733900436
1.8 -0.02599748583918508
1.95 -0.02579926433936581
2.1 -0.02560104283954653
2.25 -0.02540282133972725
2.4 -0.02520459983990798
2.55 -0.0250063783400887
2.7 -0.02480815684026943
2.85 -0.02460993534045015
3 -0.02441171384063088
3.15 -0.0242134923408116
3.3 -0.02401527084099232
3.45 -0.02381704934117304
3.6 -0.02361882784135377
3.75 -0.02342060634153449
3.9 -0.02322238484171521
4.05 -0.02302416334189594
4.2 -0.02282594184207666
4.350000000000001 -0.02262772034225738
4.5 -0.02242949884243811
4.65 -0.02223127734261883
4.8 -0.02203305584279956
4.95 -0.02183483434298027
5.100000000000001 -0.021636612843161
5.25 -0.02143839134334172
5.4 -0.02124016984352245
5.55 -0.02104194834370317
5.7 -0.02084372684388389
5.850000000000001 -0.02064550534406462
6 -0.02044728384424534
6.15 -0.02024906234442606
6.3 -0.02005084084460679
6.45 -0.01985261934478751
6.600000000000001 -0.01965439784496823
6.75 -0.01945617634514896
6.9 -0.01925795484532968
7.05 -0.0190597333455104
7.2 -0.01886151184569113
7.350000000000001 -0.01868929871852775
7.5 -0.01852472483073523
7.65 -0.01836015094294271
7.8 -0.01819557705515019
7.95 -0.01803100316735767
8.1 -0.01786642927956515
8.25 -0.01770185539177263
8.4 -0.01753728150398011
8.550000000000001 -0.01737270761618759
8.700000000000001 -0.01720813372839506
8.85 -0.01704355984060255
9 -0.01687898595281002
9.15 -0.0167144120650175
9.300000000000001 -0.01654983817722498
9.450000000000001 -0.01638526428943246
9.6 -0.01622069040163994
9.75 -0.01605611651384742
9.9 -0.0158915426260549
10.05 -0.01572696873826238
10.2 -0.01556239485046986
10.35 -0.01539782096267733
10.5 -0.01523324707488482
10.65 -0.01506867318709229
10.8 -0.01490409929929977
10.95 -0.01473952541150725
11.1 -0.01457495152371473
11.25 -0.01441037763592221
11.4 -0.01424580374812969
11.55 -0.01408122986033717
11.7 -0.01391665597254465
11.85 -0.01375208208475213
12 -0.0135875081969596
12.15 -0.01342293430916708
12.3 -0.01325836042137456
12.45 -0.01309378653358204
12.6 -0.01292921264578952
12.75 -0.012764638757997
12.9 -0.01260006487020448
13.05 -0.01243549098241196
13.2 -0.01227091709461944
13.35 -0.01210634320682692
13.5 -0.0119417693190344
13.65 -0.01177719543124188
13.8 -0.01161262154344935
13.95 -0.01144804765565683
14.1 -0.01128347376786431
14.25 -0.01111889988007179
14.4 -0.01095432599227927
14.55 -0.01078975210448675
14.7 -0.01062517821669423
14.85 -0.01046060432890171
15 -0.01029603044110919
15.15 -0.01013145655331667
15.3 -0.009966882665524146
15.45 -0.009846301587519006
15.6 -0.009745368636314181
15.75 -0.009644435685109356
15.9 -0.009543502733904531
16.05 -0.009442569782699707
16.2 -0.009341636831494885
16.35 -0.009240703880290057
16.5 -0.009139770929085234
16.65 -0.00903883797788041
16.8 -0.008937905026675585
16.95 -0.008836972075470762
17.1 -0.008736039124265934
17.25 -0.008635106173061111
17.4 -0.008534173221856284
17.55 -0.008433240270651461
17.7 -0.008332307319446638
17.85 -0.00823137436824181
18 -0.008130441417036989
18.15 -0.00802950846583216
18.3 -0.007928575514627339
18.45 -0.007827642563422513
18.6 -0.007726709612217689
18.75 -0.007625776661012865
18.9 -0.007524843709808038
19.05 -0.007423910758603216
19.2 -0.007322977807398393
19.35 -0.007222044856193566
19.5 -0.00712111190498874
19.65 -0.007020178953783917
19.8 -0.006919246002579092
19.95 -0.006818313051374269
20.1 -0.006717380100169442
20.25 -0.006616447148964619
20.4 -0.006515514197759792
20.55 -0.00641458124655497
20.7 -0.006313648295350145
20.85 -0.006212715344145319
21 -0.006111782392940496
21.15 -0.006010849441735669
21.3 -0.005909916490530846
21.45 -0.005808983539326022
21.6 -0.005708050588121197
21.75 -0.005607117636916372
21.9 -0.005506184685711546
22.05 -0.005405251734506723
22.2 -0.0053043187833019
22.35 -0.005203385832097073
22.5 -0.00510245288089225
22.65 -0.005001519929687424
22.8 -0.004900586978482601
22.95 -0.004799654027277774
23.1 -0.004698721076072951
23.25 -0.004597788124868125
23.4 -0.004496855173663298
23.55 -0.004423310963792878
23.7 -0.004367309378352497
23.85 -0.004311307792912114
24 -0.004255306207471734
24.15 -0.004199304622031352
24.3 -0.00414330303659097
24.45 -0.00408730145115059
24.6 -0.004031299865710206
24.75 -0.003975298280269826
24.9 -0.003919296694829445
25.05 -0.003863295109389063
25.2 -0.003807293523948682
25.35 -0.003751291938508301
25.5 -0.003695290353067919
25.65 -0.003639288767627537
25.8 -0.003583287182187156
25.95 -0.003527285596746775
26.1 -0.003471284011306393
26.25 -0.003415282425866011
26.4 -0.003359280840425629
26.55 -0.003303279254985249
26.7 -0.003247277669544867
26.85 -0.003191276084104485
27 -0.003135274498664105
27.15 -0.003079272913223722
27.3 -0.003023271327783341
27.45 -0.00296726974234296
27.6 -0.002911268156902578
27.75 -0.002855266571462197
27.9 -0.002799264986021815
28.05 -0.002743263400581434
28.2 -0.002687261815141053
28.35 -0.00263126022970067
28.5 -0.00257525864426029
28.65 -0.002519257058819908
28.8 -0.002463255473379526
28.95 -0.002407253887939146
29.1 -0.002351252302498763
29.25 -0.002295250717058382
29.4 -0.002239249131617999
29.55 -0.00218324754617762
29.7 -0.002127245960737238
29.85 -0.002071244375296856
30 -0.002015242789856475
30.15 -0.001959241204416093
30.3 -0.001903239618975711
30.45 -0.001847238033535332
30.6 -0.001791236448094948
30.75 -0.001735234862654569
30.9 -0.001679233277214184
31.05 -0.001623231691773805
31.2 -0.001567230106333423
31.35 -0.001511228520893042
31.5 -0.00145522693545266
31.65 -0.001415306455337796
31.8 -0.001389768956377296
31.95 -0.001364231457416796
32.1 -0.001338693958456295
32.25 -0.001313156459495796
32.4 -0.001287618960535295
32.55 -0.001262081461574795
32.7 -0.001236543962614295
32.85 -0.001211006463653794
33 -0.001185468964693295
33.15 -0.001159931465732794
33.3 -0.001134393966772294
33.45 -0.001108856467811793
33.6 -0.001083318968851293
33.75 -0.001057781469890793
33.9 -0.001032243970930293
34.05 -0.001006706471969792
34.2 -0.0009811689730092918
34.35 -0.0009556314740487922
34.5 -0.0009300939750882916
34.65 -0.0009045564761277922
34.8 -0.0008790189771672903
34.95 -0.0008534814782067908
35.1 -0.0008279439792462902
35.25 -0.0008024064802857907
35.4 -0.0007768689813252899
35.55 -0.0007513314823647894
35.7 -0.0007257939834042887
35.85 -0.0007002564844437891
36 -0.0006747189854832885
36.15 -0.000649181486522789
36.3 -0.0006236439875622884
36.45 -0.0005981064886017878
36.6 -0.0005725689896412883
36.75 -0.0005470314906807876
36.9 -0.000521493991720288
37.05 -0.0004959564927597863
37.2 -0.0004704189937992867
37.35 -0.0004448814948387861
37.5 -0.0004193439958782866
37.65 -0.000393806496917786
37.8 -0.0003682689979572853
37.95 -0.0003427314989967858
38.1 -0.0003171940000362851
38.25 -0.0002916565010757856
38.4 -0.000266119002115285
38.55 -0.0002405815031547843
38.7 -0.0002150440041942837
38.85 -0.0001895065052337842
39 -0.0001639690062732835
39.15 -0.000138431507312784
39.3 -0.0001128940083522822
39.45 -8.735650939178268e-005
39.6 -6.181901043128316e-005
39.75 -3.436334837904802e-005
39.9 -4.526707009645596e-006
40.05 2.530993435975853e-005
40.2 5.514657572916095e-005
40.35 8.498321709856337e-005
40.5 0.0001148198584679675
40.65 0.0001446564998373699
40.8 0.000174493141206774
40.95 0.0002043297825761765
41.1 0.0002341664239455789
41.25 0.000264003065314983
41.4 0.0002938397066843854
41.55 0.0003236763480537896
41.7 0.0003535129894231919
41.85 0.0003833496307925944
42 0.0004131862721619985
42.15 0.0004430229135314009
42.3 0.0004728595549008049
42.45 0.0005026961962702075
42.6 0.0005325328376396099
42.75 0.000562369479009014
42.9 0.0005922061203784164
43.05 0.0006220427617478206
43.2 0.000651879403117223
43.35 0.0006817160444866254
43.5 0.0007115526858560295
43.65 0.000741389327225432
43.8 0.0007712259685948361
43.95 0.0008010626099642385
44.1 0.0008308992513336408
44.25 0.0008607358927030451
44.4 0.0008905725340724475
44.55 0.0009204091754418515
44.7 0.0009502458168112541
44.85 0.0009800824581806566
45 0.00100991909955006
45.15 0.001039755740919463
45.3 0.001069592382288867
45.45 0.00109942902365827
45.6 0.001129265665027672
45.75 0.001159102306397076
45.9 0.001188938947766478
46.05 0.001218775589135883
46.2 0.001248612230505285
46.35 0.001278448871874688
46.5 0.001308285513244092
46.65 0.001338122154613494
46.8 0.001367958795982898
46.95 0.0013977954373523
47.1 0.001427632078721703
47.25 0.001457468720091107
47.4 0.001487305361460509
47.55 0.001517142002829914
47.7 0.001546978644199316
47.85 0.001576815285568718
48 0.001606651926938122
48.15 0.001636488568307525
48.3 0.001666325209676929
48.45 0.001696161851046332
48.6 0.001725998492415734
48.75 0.001755835133785136
48.9 0.00178567177515454
49.05 0.001815508416523945
49.2 0.001845345057893347
49.35 0.001875181699262749
49.5 0.001905018340632152
49.65 0.001934854982001556
49.8 0.00196469162337096
49.95 0.001994528264740362
50.1 0.002024364906109765
50.25 0.002054201547479167
50.4 0.002084038188848572
50.55 0.002113874830217975
50.7 0.002143711471587378
50.85 0.002173548112956781
51 0.002203384754326183
51.15 0.002233221395695587
51.3 0.002263058037064991
51.45 0.002292894678434393
51.6 0.002322731319803796
51.75 0.002352567961173198
51.9 0.002382404602542602
52.05 0.002412241243912007
52.2 0.002442077885281409
52.35 0.002471914526650811
52.5 0.002501751168020214
52.65 0.002531587809389618
52.8 0.002561424450759022
52.95 0.002591261092128425
53.1 0.002621097733497827
53.25 0.002650934374867229
53.4 0.002680771016236634
53.55 0.002710607657606038
53.7 0.00274044429897544
53.85 0.002770280940344843
54 0.002800117581714245
54.15 0.002829954223083649
54.3 0.002859790864453053
54.45 0.002889627505822456
54.6 0.002919464147191858
54.75 0.002949300788561261
54.9 0.002979137429930665
55.05 0.003008974071300069
55.2 0.003038810712669471
55.35 0.003068647354038873
55.5 0.003098483995408276
55.65 0.00312832063677768
55.8 0.003158157278147084
55.95 0.003203462619413271
56.1 0.003288001804974884
56.25 0.003372540990536491
56.4 0.003457080176098099
56.55 0.003541619361659712
56.7 0.003626158547221325
56.85 0.003710697732782932
57 0.003795236918344546
57.15 0.003879776103906152
57.3 0.003964315289467765
57.45 0.004048854475029379
57.6 0.004133393660590986
57.75 0.004217932846152598
57.9 0.004302472031714206
58.05 0.004387011217275819
58.2 0.004471550402837432
58.35 0.004556089588399039
58.5 0.004640628773960646
58.65 0.004725167959522259
58.8 0.004809707145083872
58.95 0.00489424633064548
59.1 0.004978785516207093
59.25 0.005063324701768701
59.4 0.005147863887330313
59.55 0.005232403072891927
59.7 0.005316942258453534
59.85 0.005401481444015147
60 0.005486020629576755
