0 0
0.15 8.54900479110953e-009
0.3 1.940795185667272e-008
0.45 3.183055191683446e-008
0.6 4.425315197699622e-008
0.75 5.667575203715796e-008
0.9 6.850731498407079e-008
1.05 7.877009149606053e-008
1.2 8.903286800805029e-008
1.35 9.929564452004004e-008
1.5 1.095584210320298e-007
1.65 1.455016945498716e-007
1.8 1.827689721859628e-007
1.95 2.200362498220539e-007
2.1 2.573035274581452e-007
2.25 2.945708050942364e-007
2.4 3.318380827303275e-007
2.55 3.691053603664187e-007
2.7 4.063726380025099e-007
2.85 4.781441119184972e-007
3 6.283134846838437e-007
3.15 7.784828574491899e-007
3.3 9.286522302145374e-007
3.45 1.078821602979884e-006
3.6 1.22899097574523e-006
3.75 1.379160348510577e-006
3.9 1.529329721275923e-006
4.05 1.67949909404127e-006
4.2 1.829668466806617e-006
4.350000000000001 1.979837839571963e-006
4.5 2.13000721233731e-006
4.65 2.280176585102656e-006
4.8 2.430345957868003e-006
4.95 2.58051533063335e-006
5.100000000000001 2.730684703398696e-006
5.25 2.880854076164042e-006
5.4 3.033068694906697e-006
5.55 3.320567409835792e-006
5.7 3.608066124764891e-006
5.850000000000001 3.895564839693987e-006
6 4.183063554623082e-006
6.15 4.470562269552181e-006
6.3 4.758060984481275e-006
6.45 5.045559699410374e-006
6.600000000000001 5.33305841433947e-006
6.75 5.620557129268567e-006
6.9 5.908055844197664e-006
7.05 6.19555455912676e-006
7.2 6.483053274055857e-006
7.350000000000001 6.770551988984955e-006
7.5 7.05805070391405e-006
7.65 7.34554941884315e-006
7.8 7.633048133772243e-006
7.95 7.92054684870134e-006
8.1 8.208045563630436e-006
8.25 8.495544278559533e-006
8.4 8.783042993488632e-006
8.550000000000001 9.070541708417729e-006
8.700000000000001 9.358040423346827e-006
8.85 9.645539138275919e-006
9 9.93303785320502e-006
9.15 1.022053656813412e-005
9.300000000000001 1.050803528306321e-005
9.450000000000001 1.079553399799231e-005
9.6 1.10830327129214e-005
9.75 1.13705314278505e-005
9.9 1.16580301427796e-005
10.05 1.19455288577087e-005
10.2 1.22330275726378e-005
10.35 1.252052628756689e-005
10.5 1.280802500249599e-005
10.65 1.303530871708792e-005
10.8 1.318388896399145e-005
10.95 1.333246921089497e-005
11.1 1.348104945779849e-005
11.25 1.362962970470202e-005
11.4 1.377820995160554e-005
11.55 1.392679019850906e-005
11.7 1.407537044541258e-005
11.85 1.42239506923161e-005
12 1.437253093921963e-005
12.15 1.452111118612315e-005
12.3 1.466969143302667e-005
12.45 1.481827167993019e-005
12.6 1.496685192683371e-005
12.75 1.511543217373724e-005
12.9 1.526401242064076e-005
13.05 1.541259266754428e-005
13.2 1.55611729144478e-005
13.35 1.570975316135133e-005
13.5 1.585833340825484e-005
13.65 1.600691365515837e-005
13.8 1.615549390206189e-005
13.95 1.630407414896542e-005
14.1 1.645265439586894e-005
14.25 1.660123464277246e-005
14.4 1.674981488967598e-005
14.55 1.68983951365795e-005
14.7 1.704697538348303e-005
14.85 1.719555563038655e-005
15 1.734413587729007e-005
15.15 1.749271612419359e-005
15.3 1.764129637109711e-005
15.45 1.778987661800063e-005
15.6 1.793845686490416e-005
15.75 1.808703711180768e-005
15.9 1.862502031234965e-005
16.05 1.923063642086272e-005
16.2 1.98362525293758e-005
16.35 2.044186863788886e-005
16.5 2.104748474640193e-005
16.65 2.165310085491501e-005
16.8 2.225871696342808e-005
16.95 2.286433307194115e-005
17.1 2.346994918045423e-005
17.25 2.407556528896729e-005
17.4 2.468118139748037e-005
17.55 2.528679750599344e-005
17.7 2.58924136145065e-005
17.85 2.649802972301959e-005
18 2.710364583153266e-005
18.15 2.770926194004573e-005
18.3 2.83148780485588e-005
18.45 2.892049415707187e-005
18.6 2.952611026558494e-005
18.75 3.013172637409801e-005
18.9 3.073734248261109e-005
19.05 3.134295859112415e-005
19.2 3.194857469963722e-005
19.35 3.255419080815031e-005
19.5 3.315980691666336e-005
19.65 3.376542302517645e-005
19.8 3.437103913368952e-005
19.95 3.497665524220258e-005
20.1 3.558227135071567e-005
20.25 3.618788745922873e-005
20.4 3.67935035677418e-005
20.55 3.739911967625487e-005
20.7 3.800473578476794e-005
20.85 3.861035189328102e-005
21 3.934588435951321e-005
21.15 4.043163885717294e-005
21.3 4.151739335483262e-005
21.45 4.260314785249233e-005
21.6 4.368890235015204e-005
21.75 4.477465684781173e-005
21.9 4.586041134547146e-005
22.05 4.694616584313115e-005
22.2 4.803192034079085e-005
22.35 4.911767483845056e-005
22.5 5.020342933611026e-005
22.65 5.128918383376997e-005
22.8 5.237493833142968e-005
22.95 5.346069282908937e-005
23.1 5.454644732674908e-005
23.25 5.563220182440879e-005
23.4 5.671795632206849e-005
23.55 5.780371081972821e-005
23.7 5.888946531738788e-005
23.85 5.997521981504761e-005
24 6.10609743127073e-005
24.15 6.214672881036701e-005
24.3 6.323248330802672e-005
24.45 6.43182378056864e-005
24.6 6.540399230334614e-005
24.75 6.648974680100582e-005
24.9 6.757550129866554e-005
25.05 6.866125579632524e-005
25.2 6.974701029398492e-005
25.35 7.083276479164465e-005
25.5 7.191851928930433e-005
25.65 7.300427378696408e-005
25.8 7.409002828462375e-005
25.95 7.517578278228346e-005
26.1 7.626153727994317e-005
26.25 7.794206708875699e-005
26.4 7.989088579612622e-005
26.55 8.183970450349546e-005
26.7 8.378852321086471e-005
26.85 8.573734191823394e-005
27 8.768616062560318e-005
27.15 8.963497933297241e-005
27.3 9.158379804034165e-005
27.45 9.353261674771088e-005
27.6 9.548143545508013e-005
27.75 9.743025416244935e-005
27.9 9.937907286981864e-005
28.05 0.0001013278915771878
28.2 0.0001032767102845571
28.35 0.0001052255289919263
28.5 0.0001071743476992955
28.65 0.0001091231664066648
28.8 0.000111071985114034
28.95 0.0001130208038214033
29.1 0.0001149696225287725
29.25 0.0001169184412361417
29.4 0.000118867259943511
29.55 0.0001208160786508802
29.7 0.0001227648973582495
29.85 0.0001247137160656187
30 0.0001266625347729879
30.15 0.0001286113534803572
30.3 0.0001305601721877264
30.45 0.0001325089908950956
30.6 0.0001344578096024649
30.75 0.0001364066283098341
30.9 0.0001383554470172034
31.05 0.0001403042657245726
31.2 0.0001422530844319418
31.35 0.0001445561398353401
31.5 0.0001497938675444658
31.65 0.0001550315952535918
31.8 0.0001602693229627175
31.95 0.0001655070506718431
32.1 0.0001707447783809691
32.25 0.0001759825060900948
32.4 0.0001812202337992205
32.55 0.0001864579615083462
32.7 0.0001916956892174721
32.85 0.0001969334169265981
33 0.0002021711446357238
33.15 0.0002074088723448495
33.3 0.0002126466000539752
33.45 0.0002178843277631011
33.6 0.0002231220554722268
33.75 0.0002283597831813525
33.9 0.0002335975108904784
34.05 0.0002388352385996041
34.2 0.0002440729663087301
34.35 0.0002493106940178558
34.5 0.0002545484217269815
34.65 0.0002597861494361072
34.8 0.0002650238771452334
34.95 0.0002702616048543591
35.1 0.0002754993325634848
35.25 0.0002807370602726104
35.4 0.0002859747879817362
35.55 0.0002912125156908621
35.7 0.0002964502433999878
35.85 0.0003016879711091137
36 0.0003069256988182395
36.15 0.0003121634265273651
36.3 0.0003174011542364911
36.45 0.0003226388819456168
36.6 0.0003308488612951225
36.75 0.0003417343677737705
36.9 0.0003526198742524189
37.05 0.0003635053807310677
37.2 0.000374390887209716
37.35 0.000385276393688364
37.5 0.0003961619001670123
37.65 0.0004070474066456607
37.8 0.0004179329131243095
37.95 0.0004288184196029575
38.1 0.0004397039260816059
38.25 0.0004505894325602539
38.4 0.0004614749390389022
38.55 0.000472360445517551
38.7 0.0004832459519961994
38.85 0.0004941314584748474
39 0.0005050169649534957
39.15 0.000515902471432144
39.3 0.0005267879779107928
39.45 0.0005376734843894408
39.6 0.0005485589908680892
39.75 0.0005594444973467376
39.9 0.0005703300038253855
40.05 0.0005812155103040343
40.2 0.0005921010167826827
40.35 0.0006029865232613307
40.5 0.0006138720297399789
40.65 0.0006247575362186274
40.8 0.0006356430426972762
40.95 0.0006465285491759242
41.1 0.0006574140556545725
41.25 0.0006682995621332209
41.4 0.0006791850686118689
41.55 0.0006900705750905176
41.7 0.0007009560815691661
41.85 0.0007134281288914024
42 0.0007259928134054676
42.15 0.0007385574979195326
42.3 0.0007511221824335974
42.45 0.0007636868669476631
42.6 0.0007762515514617279
42.75 0.0007888162359757929
42.9 0.0008013809204898577
43.05 0.0008139456050039234
43.2 0.0008265102895179882
43.35 0.0008390749740320531
43.5 0.000851639658546118
43.65 0.0008642043430601828
43.8 0.0008767690275742484
43.95 0.0008893337120883134
44.1 0.0009018983966023783
44.25 0.0009144630811164431
44.4 0.000927027765630508
44.55 0.0009395924501445736
44.7 0.0009521571346586385
44.85 0.0009647218191727033
45 0.0009772865036867682
45.15 0.0009898511882008331
45.3 0.001002415872714899
45.45 0.001014980557228963
45.6 0.001027545241743029
45.75 0.001040109926257093
45.9 0.001052674610771158
46.05 0.001065239295285224
46.2 0.001077803979799289
46.35 0.001090368664313354
46.5 0.001102933348827418
46.65 0.001115498033341483
46.8 0.001128062717855549
46.95 0.001147081795650867
47.1 0.001177407874679166
47.25 0.001207733953707465
47.4 0.001238060032735764
47.55 0.001268386111764064
47.7 0.001298712190792362
47.85 0.001329038269820663
48 0.001359364348848961
48.15 0.00138969042787726
48.3 0.001420016506905561
48.45 0.001450342585933859
48.6 0.001480668664962158
48.75 0.001510994743990458
48.9 0.001541320823018757
49.05 0.001571646902047057
49.2 0.001601972981075356
49.35 0.001632299060103655
49.5 0.001662625139131953
49.65 0.001692951218160252
49.8 0.001723277297188554
49.95 0.001753603376216852
50.1 0.001783929455245151
50.25 0.00181425553427345
50.4 0.001844581613301749
50.55 0.001874907692330049
50.7 0.001905233771358349
50.85 0.001935559850386648
51 0.001965885929414947
51.15 0.001996212008443245
51.3 0.002026538087471546
51.45 0.002056864166499845
51.6 0.002087190245528143
51.75 0.002117516324556443
51.9 0.002147842403584742
52.05 0.002178168482613042
52.2 0.002209416103753467
52.35 0.002240920689881434
52.5 0.002272425276009401
52.65 0.002303929862137369
52.8 0.002335434448265337
52.95 0.002366939034393305
53.1 0.002398443620521272
53.25 0.002429948206649239
53.4 0.002461452792777207
53.55 0.002492957378905176
53.7 0.002524461965033143
53.85 0.00255596655116111
54 0.002587471137289078
54.15 0.002618975723417043
54.3 0.002650480309545012
54.45 0.002681984895672979
54.6 0.002713489481800947
54.75 0.002744994067928914
54.9 0.002776498654056881
55.05 0.00280800324018485
55.2 0.002839507826312817
55.35 0.002871012412440785
55.5 0.002902516998568752
55.65 0.00293402158469672
55.8 0.002965526170824689
55.95 0.002997030756952655
56.1 0.003028535343080623
56.25 0.00306003992920859
56.4 0.003091544515336556
56.55 0.003123049101464525
56.7 0.003154553687592493
56.85 0.003186058273720459
57 0.003217562859848427
57.15 0.003249067445976394
57.3 0.003286969434402859
57.45 0.003350378099110752
57.6 0.003413786763818649
57.75 0.003477195428526542
57.9 0.00354060409323444
58.05 0.003604012757942338
58.2 0.003667421422650231
58.35 0.003730830087358129
58.5 0.003794238752066022
58.65 0.003857647416773919
58.8 0.003921056081481817
58.95 0.00398446474618971
59.1 0.004047873410897608
59.25 0.004111282075605501
59.4 0.004174690740313399
59.55 0.004238099405021296
59.7 0.004301508069729195
59.85 0.004364916734437087
60 0.00442832539914498
