0 2.993613266161265e-006
0.15 1.561204164660263e-006
0.3 1.28795063159262e-007
0.45 -1.30361403834174e-006
0.6 -2.736023139842741e-006
0.75 -4.168432241343745e-006
0.9 -5.600841342844746e-006
1.05 -7.03325044434575e-006
1.2 -8.465659545846748e-006
1.35 -9.898068647347752e-006
1.5 -1.133047774884875e-005
1.65 -1.276288685034975e-005
1.8 -1.419529595185076e-005
1.95 -1.562770505335176e-005
2.1 -1.706011415485277e-005
2.25 -1.849252325635377e-005
2.4 -1.992493235785476e-005
2.55 -2.135734145935577e-005
2.7 -2.278975056085677e-005
2.85 -2.422215966235777e-005
3 -2.565456876385877e-005
3.15 -2.708697786535977e-005
3.3 -2.851938696686078e-005
3.45 -2.995179606836178e-005
3.6 -3.138420516986278e-005
3.75 -3.281661427136378e-005
3.9 -3.424902337286478e-005
4.05 -3.568143247436578e-005
4.2 -3.71138415758668e-005
4.350000000000001 -3.85462506773678e-005
4.5 -3.99786597788688e-005
4.65 -4.141106888036979e-005
4.8 -4.284347798187079e-005
4.95 -4.42758870833718e-005
5.100000000000001 -4.570829618487281e-005
5.25 -4.71407052863738e-005
5.4 -4.857311438787481e-005
5.55 -5.000552348937581e-005
5.7 -5.147409100851355e-005
5.850000000000001 -5.302188268831858e-005
6 -5.456967436812358e-005
6.15 -5.611746604792861e-005
6.3 -5.766525772773362e-005
6.45 -5.921304940753863e-005
6.600000000000001 -6.076084108734366e-005
6.75 -6.230863276714867e-005
6.9 -6.385642444695369e-005
7.05 -6.54042161267587e-005
7.2 -6.695200780656372e-005
7.350000000000001 -6.849979948636873e-005
7.5 -7.004759116617377e-005
7.65 -7.159538284597876e-005
7.8 -7.314317452578379e-005
7.95 -7.469096620558881e-005
8.1 -7.623875788539382e-005
8.25 -7.778654956519884e-005
8.4 -7.933434124500386e-005
8.550000000000001 -8.088213292480887e-005
8.700000000000001 -8.242992460461389e-005
8.85 -8.39777162844189e-005
9 -8.552550796422391e-005
9.15 -8.707329964402895e-005
9.300000000000001 -8.862109132383397e-005
9.450000000000001 -9.016888300363898e-005
9.6 -9.171667468344397e-005
9.75 -9.326446636324901e-005
9.9 -9.481225804305403e-005
10.05 -9.636004972285904e-005
10.2 -9.790784140266406e-005
10.35 -9.945563308246907e-005
10.5 -0.0001010034247622741
10.65 -0.0001025512164420791
10.8 -0.0001040990081218841
10.95 -0.0001056467998016891
11.1 -0.0001071945914814942
11.25 -0.0001087423831612992
11.4 -0.0001106537875738765
11.55 -0.0001127817287368935
11.7 -0.0001149096698999104
11.85 -0.0001170376110629274
12 -0.0001191655522259444
12.15 -0.0001212934933889614
12.3 -0.0001234214345519783
12.45 -0.0001255493757149953
12.6 -0.0001276773168780123
12.75 -0.0001298052580410293
12.9 -0.0001319331992040462
13.05 -0.0001340611403670632
13.2 -0.0001361890815300802
13.35 -0.0001383170226930971
13.5 -0.0001404449638561141
13.65 -0.0001425729050191311
13.8 -0.0001447008461821481
13.95 -0.000146828787345165
14.1 -0.0001489567285081819
14.25 -0.0001510846696711989
14.4 -0.0001532126108342159
14.55 -0.0001553405519972329
14.7 -0.0001574684931602499
14.85 -0.0001595964343232668
15 -0.0001617243754862838
15.15 -0.0001638523166493008
15.3 -0.0001659802578123178
15.45 -0.0001681081989753347
15.6 -0.0001702361401383517
15.75 -0.0001723640813013687
15.9 -0.0001744920224643857
16.05 -0.0001766199636274026
16.2 -0.0001787479047904195
16.35 -0.0001808758459534366
16.5 -0.0001830037871164535
16.65 -0.0001851317282794705
16.8 -0.0001872596694424875
16.95 -0.0001893876106055044
17.1 -0.0001915155517685214
17.25 -0.0001936434929315383
17.4 -0.0001957714340945554
17.55 -0.0001978993752575723
17.7 -0.0002000273164205892
17.85 -0.0002021552575836063
18 -0.0002042831987466232
18.15 -0.0002064111399096402
18.3 -0.0002085390810726571
18.45 -0.0002106670222356742
18.6 -0.0002127949633986912
18.75 -0.0002149229045617081
18.9 -0.0002170508457247251
19.05 -0.0002191787868877421
19.2 -0.000221306728050759
19.35 -0.000223434669213776
19.5 -0.0002255626103767929
19.65 -0.00022769055153981
19.8 -0.0002298184927028269
19.95 -0.0002319464338658439
20.1 -0.0002340743750288609
20.25 -0.0002362023161918778
20.4 -0.0002383302573548948
20.55 -0.0002404581985179118
20.7 -0.0002425861396809287
20.85 -0.0002447140808439457
21 -0.0002468420220069627
21.15 -0.0002489699631699797
21.3 -0.0002510979043329966
21.45 -0.0002532258454960136
21.6 -0.0002553537866590306
21.75 -0.0002574817278220475
21.9 -0.0002596096689850645
22.05 -0.0002617376101480815
22.2 -0.0002638655513110984
22.35 -0.0002659934924741154
22.5 -0.0002681214336371323
22.65 -0.0002700300997004155
22.8 -0.0002712930979014731
22.95 -0.0002725560961025309
23.1 -0.0002738190943035886
23.25 -0.0002750820925046463
23.4 -0.000276345090705704
23.55 -0.0002776080889067617
23.7 -0.0002788710871078194
23.85 -0.0002801340853088771
24 -0.0002813970835099348
24.15 -0.0002826600817109926
24.3 -0.0002839230799120502
24.45 -0.0002851860781131079
24.6 -0.0002864490763141656
24.75 -0.0002877120745152233
24.9 -0.000288975072716281
25.05 -0.0002902380709173387
25.2 -0.0002915010691183964
25.35 -0.0002927640673194541
25.5 -0.0002940270655205118
25.65 -0.0002952900637215696
25.8 -0.0002965530619226273
25.95 -0.0002978160601236849
26.1 -0.0002990790583247427
26.25 -0.0003003420565258004
26.4 -0.0003016050547268581
26.55 -0.0003028680529279157
26.7 -0.0003041310511289735
26.85 -0.0003053940493300312
27 -0.0003066570475310889
27.15 -0.0003079200457321466
27.3 -0.0003091830439332043
27.45 -0.0003104460421342619
27.6 -0.0003117090403353197
27.75 -0.0003129720385363773
27.9 -0.0003142350367374351
28.05 -0.0003154980349384927
28.2 -0.0003167610331395505
28.35 -0.0003180240313406082
28.5 -0.0003192870295416659
28.65 -0.0003205500277427235
28.8 -0.0003218130259437813
28.95 -0.000323076024144839
29.1 -0.0003243390223458967
29.25 -0.0003256020205469544
29.4 -0.0003268650187480121
29.55 -0.0003281280169490698
29.7 -0.0003293910151501275
29.85 -0.0003306540133511852
30 -0.0003319170115522429
30.15 -0.0003331800097533006
30.3 -0.0003344430079543583
30.45 -0.000335706006155416
30.6 -0.0003369690043564737
30.75 -0.0003382320025575314
30.9 -0.0003394950007585891
31.05 -0.0003407579989596468
31.2 -0.0003420209971607045
31.35 -0.0003432839953617623
31.5 -0.0003445469935628199
31.65 -0.0003458099917638776
31.8 -0.0003470729899649354
31.95 -0.000348335988165993
32.1 -0.0003495989863670508
32.25 -0.0003508619845681085
32.4 -0.0003521249827691662
32.55 -0.0003533879809702238
32.7 -0.0003546509791712816
32.85 -0.0003559139773723392
33 -0.0003571769755733969
33.15 -0.0003584399737744546
33.3 -0.0003597029719755123
33.45 -0.0003609659701765701
33.6 -0.0003622289683776278
33.75 -0.0003634919665786855
33.9 -0.0003647549647797431
34.05 -0.0003674216802574802
34.2 -0.0003702793208082791
34.35 -0.0003731369613590779
34.5 -0.0003759946019098766
34.65 -0.0003788522424606754
34.8 -0.0003817098830114743
34.95 -0.0003845675235622731
35.1 -0.0003874251641130719
35.25 -0.0003902828046638705
35.4 -0.0003931404452146693
35.55 -0.0003959980857654682
35.7 -0.000398855726316267
35.85 -0.0004017133668670658
36 -0.0004045710074178645
36.15 -0.0004074286479686633
36.3 -0.0004102862885194622
36.45 -0.000413143929070261
36.6 -0.0004160015696210598
36.75 -0.0004188592101718586
36.9 -0.0004217168507226572
37.05 -0.0004245744912734561
37.2 -0.0004274321318242549
37.35 -0.0004302897723750536
37.5 -0.0004331474129258524
37.65 -0.0004360050534766512
37.8 -0.0004388626940274501
37.95 -0.0004417203345782488
38.1 -0.0004445779751290476
38.25 -0.0004474356156798464
38.4 -0.0004502932562306451
38.55 -0.0004531508967814441
38.7 -0.0004560085373322428
38.85 -0.0004588661778830415
39 -0.0004617238184338403
39.15 -0.0004645814589846391
39.3 -0.000467439099535438
39.45 -0.0004702967400862367
39.6 -0.0004731543806370356
39.75 -0.0004760120211878343
39.9 -0.0004788696617386331
40.05 -0.0004817273022894319
40.2 -0.0004845849428402307
40.35 -0.0004874425833910294
40.5 -0.0004903002239418281
40.65 -0.0004931578644926269
40.8 -0.0004960155050434258
40.95 -0.0004988731455942245
41.1 -0.0005017307861450234
41.25 -0.0005045884266958222
41.4 -0.000507446067246621
41.55 -0.0005103037077974198
41.7 -0.0005131613483482186
41.85 -0.0005160189888990174
42 -0.0005188766294498162
42.15 -0.0005217342700006148
42.3 -0.0005245919105514137
42.45 -0.0005274495511022124
42.6 -0.0005303071916530112
42.75 -0.00053316483220381
42.9 -0.0005360224727546088
43.05 -0.0005388801133054076
43.2 -0.0005417377538562064
43.35 -0.0005445953944070053
43.5 -0.0005474530349578041
43.65 -0.0005503106755086029
43.8 -0.0005531683160594017
43.95 -0.0005560259566102004
44.1 -0.0005588835971609991
44.25 -0.0005617412377117979
44.4 -0.0005645988782625967
44.55 -0.0005674565188133956
44.7 -0.0005703141593641943
44.85 -0.0005731717999149931
45 -0.0005760294404657918
45.15 -0.0005788870810165907
45.3 -0.0005790643589729613
45.45 -0.0005766355790310488
45.6 -0.0005742067990891362
45.75 -0.0005717780191472236
45.9 -0.0005693492392053111
46.05 -0.0005669204592633983
46.2 -0.0005644916793214859
46.35 -0.0005620628993795733
46.5 -0.0005596341194376608
46.65 -0.0005572053394957483
46.8 -0.0005547765595538357
46.95 -0.000552347779611923
47.1 -0.0005499189996700104
47.25 -0.0005474902197280979
47.4 -0.0005450614397861853
47.55 -0.0005426326598442727
47.7 -0.0005402038799023601
47.85 -0.0005377750999604476
48 -0.000535346320018535
48.15 -0.0005329175400766225
48.3 -0.0005304887601347098
48.45 -0.0005280599801927973
48.6 -0.0005256312002508847
48.75 -0.0005232024203089722
48.9 -0.0005207736403670596
49.05 -0.0005183448604251469
49.2 -0.0005159160804832345
49.35 -0.0005134873005413219
49.5 -0.0005110585205994094
49.65 -0.0005086297406574968
49.8 -0.0005062009607155842
49.95 -0.0005037721807736716
50.1 -0.0005013434008317591
50.25 -0.0004989146208898465
50.4 -0.000496485840947934
50.55 -0.0004940570610060213
50.7 -0.0004916282810641088
50.85 -0.0004891995011221962
51 -0.0004867707211802837
51.15 -0.0004843419412383711
51.3 -0.0004819131612964584
51.45 -0.0004794843813545459
51.6 -0.0004770556014126333
51.75 -0.0004746268214707208
51.9 -0.0004721980415288082
52.05 -0.0004697692615868956
52.2 -0.000467340481644983
52.35 -0.0004649117017030705
52.5 -0.0004624829217611579
52.65 -0.0004600541418192454
52.8 -0.0004576253618773327
52.95 -0.0004551965819354202
53.1 -0.0004527678019935076
53.25 -0.000450339022051595
53.4 -0.0004479102421096825
53.55 -0.0004454814621677698
53.7 -0.0004430526822258573
53.85 -0.0004406239022839448
54 -0.0004381951223420323
54.15 -0.0004357663424001197
54.3 -0.0004333375624582071
54.45 -0.0004309087825162945
54.6 -0.000428480002574382
54.75 -0.0004260512226324694
54.9 -0.0004236224426905569
55.05 -0.0004211936627486442
55.2 -0.0004187648828067317
55.35 -0.0004163361028648191
55.5 -0.0004139073229229065
55.65 -0.000411478542980994
55.8 -0.0004090497630390813
55.95 -0.0004066209830971688
56.1 -0.0004041922031552562
56.25 -0.0004017634232133437
56.4 -0.0003993346432714312
56.55 -0.0003969975254647194
56.7 -0.0003952538913527486
56.85 -0.0003935102572407776
57 -0.0003917666231288066
57.15 -0.0003900229890168357
57.3 -0.0003882793549048647
57.45 -0.0003865357207928938
57.6 -0.0003847920866809229
57.75 -0.0003830484525689519
57.9 -0.000381304818456981
58.05 -0.00037956118434501
58.2 -0.0003778175502330391
58.35 -0.0003760739161210682
58.5 -0.0003743302820090972
58.65 -0.0003725866478971262
58.8 -0.0003708430137851552
58.95 -0.0003690993796731843
59.1 -0.0003673557455612134
59.25 -0.0003656121114492425
59.4 -0.0003638684773372715
59.55 -0.0003621248432253005
59.7 -0.0003603812091133296
59.85 -0.0003586375750013587
60 -0.0003568939408893877
