0 -0.0323155054241521
0.15 -0.03210023693657783
0.3 -0.03188496844900355
0.45 -0.03166969996142927
0.6 -0.031454431473855
0.75 -0.03123916298628072
0.9 -0.03102389449870645
1.05 -0.03080862601113218
1.2 -0.0305933575235579
1.35 -0.03037808903598362
1.5 -0.03016282054840935
1.65 -0.02994755206083507
1.8 -0.0297322835732608
1.95 -0.02951701508568652
2.1 -0.02930174659811225
2.25 -0.02908647811053797
2.4 -0.0288712096229637
2.55 -0.02865594113538942
2.7 -0.02844067264781514
2.85 -0.02822540416024086
3 -0.02801013567266659
3.15 -0.02779486718509232
3.3 -0.02757959869751805
3.45 -0.02736433020994377
3.6 -0.02714906172236949
3.75 -0.02693379323479522
3.9 -0.02671852474722094
4.05 -0.02650325625964667
4.2 -0.02628798777207239
4.350000000000001 -0.02607271928449811
4.5 -0.02585745079692384
4.65 -0.02564218230934957
4.8 -0.02542691382177529
4.95 -0.02521164533420101
5.100000000000001 -0.02499637684662673
5.25 -0.02478110835905246
5.4 -0.02456583987147819
5.55 -0.02435057138390391
5.7 -0.02413530289632964
5.850000000000001 -0.02392003440875536
6 -0.02370476592118109
6.15 -0.02348949743360681
6.3 -0.02327422894603253
6.45 -0.02305896045845826
6.600000000000001 -0.02284369197088398
6.75 -0.02262842348330971
6.9 -0.02241315499573543
7.05 -0.02219788650816116
7.2 -0.02198261802058688
7.350000000000001 -0.02176734953301261
7.5 -0.02155208104543833
7.65 -0.02133681255786406
7.8 -0.02112468457733503
7.95 -0.02091874649754696
8.1 -0.02071280841775889
8.25 -0.02050687033797082
8.4 -0.02030093225818275
8.550000000000001 -0.02009499417839468
8.700000000000001 -0.01988905609860661
8.85 -0.01968311801881854
9 -0.01947717993903048
9.15 -0.0192712418592424
9.300000000000001 -0.01906530377945434
9.450000000000001 -0.01885936569966626
9.6 -0.0186534276198782
9.75 -0.01844748954009013
9.9 -0.01824155146030206
10.05 -0.01803561338051399
10.2 -0.01782967530072592
10.35 -0.01762373722093785
10.5 -0.01741779914114978
10.65 -0.01721186106136171
10.8 -0.01700592298157364
10.95 -0.01679998490178557
11.1 -0.0165940468219975
11.25 -0.01638810874220943
11.4 -0.01618217066242136
11.55 -0.0159762325826333
11.7 -0.01577029450284522
11.85 -0.01556435642305715
12 -0.01535841834326909
12.15 -0.01515248026348102
12.3 -0.01494654218369295
12.45 -0.01474060410390488
12.6 -0.01453466602411681
12.75 -0.01432872794432874
12.9 -0.01412278986454067
13.05 -0.0139168517847526
13.2 -0.01371091370496453
13.35 -0.01350497562517646
13.5 -0.01329903754538839
13.65 -0.01309309946560032
13.8 -0.01288716138581225
13.95 -0.01268122330602418
14.1 -0.01247528522623612
14.25 -0.01226934714644804
14.4 -0.01206340906665998
14.55 -0.01185747098687191
14.7 -0.01165153290708384
14.85 -0.01144559482729577
15 -0.0112396567475077
15.15 -0.01103371866771963
15.3 -0.01082778058793156
15.45 -0.01062184250814349
15.6 -0.01041590442835542
15.75 -0.01020996634856736
15.9 -0.01001738375464804
16.05 -0.00988696027244578
16.2 -0.00975653679024352
16.35 -0.009626113308041258
16.5 -0.009495689825838999
16.65 -0.009365266343636739
16.8 -0.009234842861434478
16.95 -0.009104419379232218
17.1 -0.008973995897029956
17.25 -0.008843572414827697
17.4 -0.008713148932625436
17.55 -0.008582725450423177
17.7 -0.008452301968220917
17.85 -0.008321878486018654
18 -0.008191455003816397
18.15 -0.008061031521614134
18.3 -0.007930608039411872
18.45 -0.007800184557209614
18.6 -0.007669761075007352
18.75 -0.007539337592805094
18.9 -0.007408914110602832
19.05 -0.007278490628400573
19.2 -0.007148067146198312
19.35 -0.00701764366399605
19.5 -0.006887220181793792
19.65 -0.006756796699591529
19.8 -0.006626373217389271
19.95 -0.006495949735187013
20.1 -0.006365526252984748
20.25 -0.006235102770782489
20.4 -0.006104679288580227
20.55 -0.005974255806377968
20.7 -0.005843832324175711
20.85 -0.005713408841973449
21 -0.005582985359771186
21.15 -0.005452561877568925
21.3 -0.005322138395366667
21.45 -0.005191714913164408
21.6 -0.005061291430962147
21.75 -0.004930867948759889
21.9 -0.004800444466557622
22.05 -0.004670020984355364
22.2 -0.004539597502153105
22.35 -0.004409174019950844
22.5 -0.004278750537748586
22.65 -0.004148327055546324
22.8 -0.004017903573344062
22.95 -0.003887480091141803
23.1 -0.003757056608939542
23.25 -0.003626633126737284
23.4 -0.003496209644535021
23.55 -0.003365786162332763
23.7 -0.003235362680130501
23.85 -0.00310493919792824
24 -0.002976118326375532
24.15 -0.00293924564474726
24.3 -0.002902372963118989
24.45 -0.002865500281490718
24.6 -0.002828627599862446
24.75 -0.002791754918234174
24.9 -0.002754882236605902
25.05 -0.00271800955497763
25.2 -0.00268113687334936
25.35 -0.002644264191721087
25.5 -0.002607391510092817
25.65 -0.002570518828464543
25.8 -0.002533646146836272
25.95 -0.002496773465208002
26.1 -0.002459900783579729
26.25 -0.002423028101951458
26.4 -0.002386155420323186
26.55 -0.002349282738694915
26.7 -0.002312410057066643
26.85 -0.002275537375438371
27 -0.002238664693810099
27.15 -0.002201792012181828
27.3 -0.002164919330553556
27.45 -0.002128046648925285
27.6 -0.002091173967297013
27.75 -0.002054301285668741
27.9 -0.00201742860404047
28.05 -0.001980555922412198
28.2 -0.001943683240783927
28.35 -0.001906810559155655
28.5 -0.001869937877527383
28.65 -0.001833065195899112
28.8 -0.00179619251427084
28.95 -0.001759319832642568
29.1 -0.001722447151014297
29.25 -0.001685574469386025
29.4 -0.001648701787757753
29.55 -0.001611829106129482
29.7 -0.00157495642450121
29.85 -0.001538083742872939
30 -0.001501211061244667
30.15 -0.001464338379616395
30.3 -0.001427465697988124
30.45 -0.001390593016359852
30.6 -0.001353720334731581
30.75 -0.001316847653103309
30.9 -0.001279974971475036
31.05 -0.001243102289846766
31.2 -0.001206229608218494
31.35 -0.001169356926590222
31.5 -0.001132484244961951
31.65 -0.001095611563333679
31.8 -0.001058738881705408
31.95 -0.001021866200077136
32.1 -0.0009849935184488637
32.25 -0.0009640417538974404
32.4 -0.0009457378579022808
32.55 -0.0009274339619071202
32.7 -0.0009091300659119596
32.85 -0.000890826169916799
33 -0.0008725222739216392
33.15 -0.0008542183779264786
33.3 -0.000835914481931319
33.45 -0.0008176105859361575
33.6 -0.0007993066899409978
33.75 -0.0007810027939458372
33.9 -0.0007626988979506775
34.05 -0.0007443950019555169
34.2 -0.0007260911059603564
34.35 -0.0007077872099651957
34.5 -0.0006894833139700359
34.65 -0.0006711794179748755
34.8 -0.0006528755219797139
34.95 -0.0006345716259845542
35.1 -0.0006162677299893937
35.25 -0.000597963833994234
35.4 -0.0005796599379990734
35.55 -0.0005613560420039128
35.7 -0.0005430521460087522
35.85 -0.0005247482500135925
36 -0.000506444354018432
36.15 -0.0004881404580232722
36.3 -0.0004698365620281107
36.45 -0.000451532666032951
36.6 -0.0004332287700377905
36.75 -0.0004149248740426308
36.9 -0.0003966209780474701
37.05 -0.0003783170820523095
37.2 -0.0003600131860571489
37.35 -0.0003417092900619884
37.5 -0.0003234053940668287
37.65 -0.0003051014980716681
37.8 -0.0002867976020765075
37.95 -0.0002684937060813469
38.1 -0.0002501898100861871
38.25 -0.0002318859140910266
38.4 -0.0002135820180958668
38.55 -0.0001952781221007054
38.7 -0.0001769742261055457
38.85 -0.0001586703301103851
39 -0.0001403664341152254
39.15 -0.0001220625381200648
39.3 -0.0001037586421249042
39.45 -8.545474612974364e-005
39.6 -6.715085013458391e-005
39.75 -4.884695413942333e-005
39.9 -3.05430581442636e-005
40.05 -1.223916214910216e-005
40.2 6.064733846058422e-006
40.35 2.131759268138165e-005
40.5 3.524832918394703e-005
40.65 4.91790656865124e-005
40.8 6.310980218907869e-005
40.95 7.704053869164407e-005
41.1 9.097127519420992e-005
41.25 0.0001049020116967753
41.4 0.0001188327481993406
41.55 0.0001327634847019069
41.7 0.0001466942212044723
41.85 0.0001606249577070377
42 0.0001745556942096031
42.15 0.0001884864307121689
42.3 0.0002024171672147347
42.45 0.0002163479037173001
42.6 0.0002302786402198659
42.75 0.0002442093767224313
42.9 0.0002581401132249967
43.05 0.000272070849727563
43.2 0.0002860015862301284
43.35 0.0002999323227326937
43.5 0.0003138630592352592
43.65 0.000327793795737825
43.8 0.0003417245322403908
43.95 0.0003556552687429561
44.1 0.000369586005245522
44.25 0.0003835167417480873
44.4 0.0003974474782506528
44.55 0.0004113782147532191
44.7 0.0004253089512557839
44.85 0.0004392396877583497
45 0.0004531704242609156
45.15 0.0004671011607634806
45.3 0.0004810318972660474
45.45 0.0004949626337686122
45.6 0.0005088933702711779
45.75 0.0005228241067737429
45.9 0.0005367548432763088
46.05 0.0005506855797788746
46.2 0.0005646163162814405
46.35 0.0005785470527840062
46.5 0.0005924777892865712
46.65 0.0006064085257891371
46.8 0.0006203392622917028
46.95 0.0006342699987942687
47.1 0.0006482007352968335
47.25 0.0006621314717993995
47.4 0.0006760622083019654
47.55 0.0006899929448045311
47.7 0.000703923681307097
47.85 0.0007178544178096618
48 0.0007317851543122277
48.15 0.0007457158908147927
48.3 0.0007596466273173594
48.45 0.0007767594744040186
48.6 0.0007966055228339021
48.75 0.0008164515712637858
48.9 0.0008362976196936693
49.05 0.0008561436681235537
49.2 0.0008759897165534374
49.35 0.000895835764983321
49.5 0.0009156818134132046
49.65 0.0009355278618430882
49.8 0.0009553739102729727
49.95 0.0009752199587028554
50.1 0.000995066007132739
50.25 0.001014912055562623
50.4 0.001034758103992506
50.55 0.00105460415242239
50.7 0.001074450200852274
50.85 0.001094296249282158
51 0.001114142297712041
51.15 0.001133988346141925
51.3 0.00115383439457181
51.45 0.001173680443001693
51.6 0.001193526491431577
51.75 0.001213372539861461
51.9 0.001233218588291344
52.05 0.001253064636721229
52.2 0.001272910685151112
52.35 0.001292756733580996
52.5 0.001312602782010879
52.65 0.001332448830440763
52.8 0.001352294878870647
52.95 0.001372140927300531
53.1 0.001391986975730414
53.25 0.001411833024160297
53.4 0.001431679072590181
53.55 0.001451525121020065
53.7 0.001471371169449949
53.85 0.001491217217879833
54 0.001511063266309716
54.15 0.0015309093147396
54.3 0.001550755363169484
54.45 0.001570601411599368
54.6 0.001590447460029251
54.75 0.001610293508459135
54.9 0.001630139556889019
55.05 0.001649985605318903
55.2 0.001669831653748787
55.35 0.00168967770217867
55.5 0.001709523750608554
55.65 0.001729369799038438
55.8 0.001749215847468322
55.95 0.001769061895898206
56.1 0.001788907944328089
56.25 0.001808753992757973
56.4 0.001828600041187856
56.55 0.001850420436233865
56.7 0.001875486641795518
56.85 0.00190055284735717
57 0.001925619052918823
57.15 0.001950685258480476
57.3 0.00197575146404213
57.45 0.002000817669603781
57.6 0.002025883875165435
57.75 0.002050950080727087
57.9 0.00207601628628874
58.05 0.002101082491850394
58.2 0.002126148697412047
58.35 0.002151214902973698
58.5 0.002176281108535351
58.65 0.002201347314097004
58.8 0.002226413519658658
58.95 0.002251479725220311
59.1 0.002276545930781962
59.25 0.002301612136343615
59.4 0.002326678341905268
59.55 0.002351744547466922
59.7 0.002376810753028574
59.85 0.002401876958590227
60 0.002426943164151879
