0 -0.03375393764090772
0.15 -0.03353122723639145
0.3 -0.03330851683187518
0.45 -0.03308580642735892
0.6 -0.03286309602284265
0.75 -0.03264038561832638
0.9 -0.03241767521381012
1.05 -0.03219496480929385
1.2 -0.03197225440477759
1.35 -0.03174954400026132
1.5 -0.03152683359574505
1.65 -0.03130412319122879
1.8 -0.03108141278671252
1.95 -0.03085870238219625
2.1 -0.03063599197767999
2.25 -0.03041328157316372
2.4 -0.03019057116864745
2.55 -0.02996786076413119
2.7 -0.02974515035961492
2.85 -0.02952243995509865
3 -0.02929972955058238
3.15 -0.02907701914606612
3.3 -0.02885430874154985
3.45 -0.02863159833703359
3.6 -0.02840888793251732
3.75 -0.02818617752800105
3.9 -0.02796346712348478
4.05 -0.02774075671896852
4.2 -0.02751804631445225
4.350000000000001 -0.02729533590993598
4.5 -0.02707262550541972
4.65 -0.02684991510090345
4.8 -0.02662720469638719
4.95 -0.02640449429187092
5.100000000000001 -0.02618178388735466
5.25 -0.02595907348283839
5.4 -0.02573636307832212
5.55 -0.02551365267380586
5.7 -0.02529094226928959
5.850000000000001 -0.02506823186477332
6 -0.02484552146025706
6.15 -0.02462281105574079
6.3 -0.02440010065122453
6.45 -0.02417739024670825
6.600000000000001 -0.02395467984219199
6.75 -0.02373196943767572
6.9 -0.02350925903315946
7.05 -0.02328654862864319
7.2 -0.02306383822412692
7.350000000000001 -0.02284112781961066
7.5 -0.02261841741509439
7.65 -0.02239570701057813
7.8 -0.02217299660606186
7.95 -0.02195208915566247
8.1 -0.02173881187766047
8.25 -0.02152553459965846
8.4 -0.02131225732165646
8.550000000000001 -0.02109898004365445
8.700000000000001 -0.02088570276565245
8.85 -0.02067242548765045
9 -0.02045914820964844
9.15 -0.02024587093164644
9.300000000000001 -0.02003259365364443
9.450000000000001 -0.01981931637564243
9.6 -0.01960603909764043
9.75 -0.01939276181963843
9.9 -0.01917948454163642
10.05 -0.01896620726363442
10.2 -0.01875292998563242
10.35 -0.01853965270763042
10.5 -0.01832637542962841
10.65 -0.01811309815162641
10.8 -0.0178998208736244
10.95 -0.0176865435956224
11.1 -0.0174732663176204
11.25 -0.0172599890396184
11.4 -0.01704671176161639
11.55 -0.01683343448361439
11.7 -0.01662015720561238
11.85 -0.01640687992761038
12 -0.01619360264960838
12.15 -0.01598032537160637
12.3 -0.01576704809360437
12.45 -0.01555377081560237
12.6 -0.01534049353760036
12.75 -0.01512721625959836
12.9 -0.01491393898159636
13.05 -0.01470066170359435
13.2 -0.01448738442559235
13.35 -0.01427410714759035
13.5 -0.01406082986958835
13.65 -0.01384755259158634
13.8 -0.01363427531358434
13.95 -0.01342099803558234
14.1 -0.01320772075758033
14.25 -0.01299444347957833
14.4 -0.01278116620157633
14.55 -0.01256788892357432
14.7 -0.01235461164557232
14.85 -0.01214133436757031
15 -0.01192805708956832
15.15 -0.01171477981156631
15.3 -0.0115015025335643
15.45 -0.0112882252555623
15.6 -0.0110749479775603
15.75 -0.0108616706995583
15.9 -0.01064839342155629
16.05 -0.01043560315870162
16.2 -0.010312665984509
16.35 -0.01018972881031637
16.5 -0.01006679163612375
16.65 -0.009943854461931126
16.8 -0.0098209172877385
16.95 -0.009697980113545878
17.1 -0.009575042939353252
17.25 -0.009452105765160628
17.4 -0.009329168590968004
17.55 -0.009206231416775382
17.7 -0.009083294242582758
17.85 -0.008960357068390131
18 -0.00883741989419751
18.15 -0.008714482720004883
18.3 -0.008591545545812259
18.45 -0.008468608371619639
18.6 -0.008345671197427013
18.75 -0.008222734023234389
18.9 -0.008099796849041765
19.05 -0.007976859674849141
19.2 -0.007853922500656517
19.35 -0.007730985326463893
19.5 -0.007608048152271269
19.65 -0.007485110978078642
19.8 -0.007362173803886022
19.95 -0.007239236629693399
20.1 -0.007116299455500772
20.25 -0.00699336228130815
20.4 -0.006870425107115524
20.55 -0.006747487932922899
20.7 -0.00662455075873028
20.85 -0.006501613584537652
21 -0.006378676410345029
21.15 -0.006255739236152405
21.3 -0.006132802061959781
21.45 -0.006009864887767157
21.6 -0.005886927713574533
21.75 -0.005763990539381909
21.9 -0.005641053365189282
22.05 -0.005518116190996661
22.2 -0.005395179016804038
22.35 -0.005272241842611412
22.5 -0.00514930466841879
22.65 -0.005026367494226164
22.8 -0.00490343032003354
22.95 -0.004780493145840919
23.1 -0.004657555971648292
23.25 -0.004534618797455668
23.4 -0.004411681623263044
23.55 -0.00428874444907042
23.7 -0.004165807274877796
23.85 -0.004042870100685172
24 -0.003919932926492549
24.15 -0.003796995752299922
24.3 -0.003743222812082132
24.45 -0.003704668101860021
24.6 -0.003666113391637909
24.75 -0.003627558681415798
24.9 -0.003589003971193686
25.05 -0.003550449260971575
25.2 -0.003511894550749464
25.35 -0.003473339840527352
25.5 -0.003434785130305241
25.65 -0.003396230420083129
25.8 -0.003357675709861019
25.95 -0.003319120999638907
26.1 -0.003280566289416796
26.25 -0.003242011579194685
26.4 -0.003203456868972572
26.55 -0.003164902158750462
26.7 -0.003126347448528351
26.85 -0.003087792738306238
27 -0.003049238028084128
27.15 -0.003010683317862016
27.3 -0.002972128607639905
27.45 -0.002933573897417795
27.6 -0.002895019187195683
27.75 -0.002856464476973571
27.9 -0.00281790976675146
28.05 -0.002779355056529349
28.2 -0.002740800346307237
28.35 -0.002702245636085126
28.5 -0.002663690925863015
28.65 -0.002625136215640902
28.8 -0.002586581505418792
28.95 -0.002548026795196681
29.1 -0.002509472084974569
29.25 -0.002470917374752459
29.4 -0.002432362664530347
29.55 -0.002393807954308235
29.7 -0.002355253244086125
29.85 -0.002316698533864013
30 -0.002278143823641902
30.15 -0.00223958911341979
30.3 -0.002201034403197679
30.45 -0.002162479692975568
30.6 -0.002123924982753456
30.75 -0.002085370272531345
30.9 -0.002046815562309233
31.05 -0.002008260852087123
31.2 -0.001969706141865011
31.35 -0.001931151431642899
31.5 -0.001892596721420789
31.65 -0.001854042011198677
31.8 -0.001815487300976565
31.95 -0.001776932590754456
32.1 -0.001738377880532343
32.25 -0.001699823170310232
32.4 -0.00166772896311025
32.55 -0.001639365725921771
32.7 -0.001611002488733292
32.85 -0.001582639251544814
33 -0.001554276014356335
33.15 -0.001525912777167857
33.3 -0.001497549539979379
33.45 -0.001469186302790899
33.6 -0.001440823065602421
33.75 -0.001412459828413942
33.9 -0.001384096591225465
34.05 -0.001355733354036986
34.2 -0.001327370116848506
34.35 -0.001299006879660027
34.5 -0.00127064364247155
34.65 -0.001242280405283072
34.8 -0.001213917168094592
34.95 -0.001185553930906114
35.1 -0.001157190693717636
35.25 -0.001128827456529157
35.4 -0.001100464219340678
35.55 -0.0010721009821522
35.7 -0.001043737744963721
35.85 -0.001015374507775242
36 -0.0009870112705867638
36.15 -0.0009586480333982864
36.3 -0.0009302847962098066
36.45 -0.0009019215590213279
36.6 -0.0008735583218328494
36.75 -0.0008451950846443719
36.9 -0.0008168318474558933
37.05 -0.0007884686102674134
37.2 -0.0007601053730789348
37.35 -0.0007317421358904574
37.5 -0.0007033788987019788
37.65 -0.0006750156615135002
37.8 -0.0006466524243250216
37.95 -0.0006182891871365429
38.1 -0.0005899259499480643
38.25 -0.0005615627127595857
38.4 -0.0005331994755711081
38.55 -0.0005048362383826284
38.7 -0.0004764730011941497
38.85 -0.000448109764005671
39 -0.0004197465268171937
39.15 -0.0003913832896287151
39.3 -0.0003630200524402352
39.45 -0.0003346568152517565
39.6 -0.0003062935780632792
39.75 -0.0002779303408748005
39.9 -0.0002495671036863219
40.05 -0.000221203866497842
40.2 -0.0001928406293093647
40.35 -0.0001644773921208861
40.5 -0.0001350405879827236
40.65 -0.0001042819232865361
40.8 -7.352325859034718e-005
40.95 -4.276459389415823e-005
41.1 -1.200592919797086e-005
41.25 1.875273549821807e-005
41.4 4.951140019440547e-005
41.55 8.027006489059443e-005
41.7 0.0001110287295867834
41.85 0.0001417873942829707
42 0.0001725460589791582
42.15 0.0002033047236753471
42.3 0.0002340633883715361
42.45 0.0002648220530677235
42.6 0.0002955807177639124
42.75 0.0003263393824600999
42.9 0.0003570980471562872
43.05 0.0003878567118524778
43.2 0.0004186153765486651
43.35 0.0004493740412448525
43.5 0.0004801327059410414
43.65 0.0005108913706372288
43.8 0.0005416500353334178
43.95 0.0005724087000296067
44.1 0.0006031673647257941
44.25 0.0006339260294219816
44.4 0.0006646846941181705
44.55 0.0006954433588143593
44.7 0.0007262020235105468
44.85 0.0007569606882067357
45 0.0007877193529029231
45.15 0.0008184780175991106
45.3 0.0008492366822953011
45.45 0.0008799953469914884
45.6 0.0009107540116876758
45.75 0.0009415126763838648
45.9 0.0009722713410800521
46.05 0.001003030005776241
46.2 0.00103378867047243
46.35 0.001064547335168618
46.5 0.001095305999864807
46.65 0.001126064664560994
46.8 0.001156823329257183
46.95 0.001187581993953372
47.1 0.001218340658649559
47.25 0.001249099323345746
47.4 0.001279857988041936
47.55 0.001310616652738125
47.7 0.001341375317434312
47.85 0.001372133982130501
48 0.001402892646826688
48.15 0.001433651311522876
48.3 0.001464409976219066
48.45 0.001495168640915254
48.6 0.001528573046818171
48.75 0.001569413250293965
48.9 0.001610253453769758
49.05 0.001651093657245553
49.2 0.001691933860721346
49.35 0.001732774064197139
49.5 0.001773614267672932
49.65 0.001814454471148724
49.8 0.00185529467462452
49.95 0.001896134878100312
50.1 0.001936975081576106
50.25 0.001977815285051898
50.4 0.002018655488527693
50.55 0.002059495692003486
50.7 0.00210033589547928
50.85 0.002141176098955072
51 0.002182016302430865
51.15 0.002222856505906659
51.3 0.002263696709382452
51.45 0.002304536912858247
51.6 0.002345377116334039
51.75 0.002386217319809833
51.9 0.002427057523285625
52.05 0.00246789772676142
52.2 0.002508737930237214
52.35 0.002549578133713005
52.5 0.002590418337188799
52.65 0.002631258540664593
52.8 0.002672098744140387
52.95 0.002712938947616181
53.1 0.002753779151091971
53.25 0.002794619354567765
53.4 0.00283545955804356
53.55 0.002876299761519353
53.7 0.002917139964995147
53.85 0.002957980168470938
54 0.002998820371946732
54.15 0.003039660575422526
54.3 0.00308050077889832
54.45 0.003121340982374114
54.6 0.003162181185849908
54.75 0.003203021389325698
54.9 0.003243861592801492
55.05 0.003284701796277286
55.2 0.00332554199975308
55.35 0.003366382203228874
55.5 0.003407222406704664
55.65 0.003448062610180459
55.8 0.003488902813656253
55.95 0.003529743017132047
56.1 0.00357058322060784
56.25 0.003611423424083631
56.4 0.003652263627559425
56.55 0.003693103831035223
56.7 0.003736515890077135
56.85 0.00381088959795816
57 0.003885263305839179
57.15 0.0039596370137202
57.3 0.004034010721601224
57.45 0.004108384429482244
57.6 0.004182758137363264
57.75 0.004257131845244283
57.9 0.004331505553125304
58.05 0.004405879261006327
58.2 0.004480252968887348
58.35 0.004554626676768371
58.5 0.004629000384649393
58.65 0.004703374092530412
58.8 0.004777747800411437
58.95 0.004852121508292456
59.1 0.004926495216173475
59.25 0.005000868924054496
59.4 0.005075242631935515
59.55 0.00514961633981654
59.7 0.005223990047697559
59.85 0.005298363755578579
60 0.005372737463459604
