0 -7.75292639630651e-006
0.15 -9.70708177233848e-006
0.3 -1.166123714837045e-005
0.45 -1.361539252440242e-005
0.6 -1.556954790043439e-005
0.75 -1.752370327646636e-005
0.9 -1.947785865249834e-005
1.05 -2.14320140285303e-005
1.2 -2.338616940456227e-005
1.35 -2.534032478059425e-005
1.5 -2.729448015662622e-005
1.65 -2.924863553265819e-005
1.8 -3.120279090869016e-005
1.95 -3.315694628472213e-005
2.1 -3.51111016607541e-005
2.25 -3.706525703678607e-005
2.4 -3.901941241281804e-005
2.55 -4.097356778885002e-005
2.7 -4.292772316488198e-005
2.85 -4.488187854091396e-005
3 -4.683603391694592e-005
3.15 -4.87901892929779e-005
3.3 -5.074434466900987e-005
3.45 -5.269850004504183e-005
3.6 -5.465265542107382e-005
3.75 -5.660681079710577e-005
3.9 -5.856096617313775e-005
4.05 -6.051512154916972e-005
4.2 -6.246927692520168e-005
4.350000000000001 -6.442343230123367e-005
4.5 -6.637758767726562e-005
4.65 -6.83317430532976e-005
4.8 -7.028589842932957e-005
4.95 -7.224005380536156e-005
5.100000000000001 -7.419420918139352e-005
5.25 -7.614836455742548e-005
5.4 -7.810251993345746e-005
5.55 -8.005667530948943e-005
5.7 -8.201083068552141e-005
5.850000000000001 -8.396498606155336e-005
6 -8.591914143758533e-005
6.15 -8.787329681361732e-005
6.3 -8.982745218964928e-005
6.45 -9.178160756568126e-005
6.600000000000001 -9.373576294171322e-005
6.75 -9.568991831774518e-005
6.9 -9.764407369377717e-005
7.05 -9.959822906980913e-005
7.2 -0.0001015523844458411
7.350000000000001 -0.0001035065398218731
7.5 -0.000105460695197905
7.65 -0.000107414850573937
7.8 -0.000109369005949969
7.95 -0.000111323161326001
8.1 -0.0001132773167020329
8.25 -0.0001152314720780649
8.4 -0.0001171856274540969
8.550000000000001 -0.0001191397828301288
8.700000000000001 -0.0001210939382061608
8.85 -0.0001230480935821928
9 -0.0001250022489582247
9.15 -0.0001269564043342567
9.300000000000001 -0.0001289105597102887
9.450000000000001 -0.0001308647150863207
9.6 -0.0001328188704623526
9.75 -0.0001347730258383846
9.9 -0.0001367271812144166
10.05 -0.0001386813365904486
10.2 -0.0001406354919664805
10.35 -0.0001425896473425125
10.5 -0.0001445438027185445
10.65 -0.0001464979580945764
10.8 -0.0001484521134706084
10.95 -0.0001504062688466404
11.1 -0.0001521448399659836
11.25 -0.0001535272229836914
11.4 -0.0001549096060013992
11.55 -0.000156291989019107
11.7 -0.0001576743720368147
11.85 -0.0001590567550545225
12 -0.0001604391380722303
12.15 -0.0001618215210899381
12.3 -0.0001632039041076458
12.45 -0.0001645862871253536
12.6 -0.0001659686701430614
12.75 -0.0001673510531607692
12.9 -0.0001687334361784769
13.05 -0.0001701158191961847
13.2 -0.0001714982022138925
13.35 -0.0001728805852316002
13.5 -0.000174262968249308
13.65 -0.0001756453512670158
13.8 -0.0001770277342847236
13.95 -0.0001784101173024314
14.1 -0.0001797925003201391
14.25 -0.0001811748833378469
14.4 -0.0001825572663555547
14.55 -0.0001839396493732624
14.7 -0.0001853220323909702
14.85 -0.000186704415408678
15 -0.0001880867984263857
15.15 -0.0001894691814440935
15.3 -0.0001908515644618013
15.45 -0.0001922339474795091
15.6 -0.0001936163304972168
15.75 -0.0001949987135149246
15.9 -0.0001963810965326324
16.05 -0.0001977634795503402
16.2 -0.0001991458625680479
16.35 -0.0002005282455857557
16.5 -0.0002019106286034635
16.65 -0.0002032930116211713
16.8 -0.000204675394638879
16.95 -0.0002060577776565868
17.1 -0.0002074401606742946
17.25 -0.0002088225436920023
17.4 -0.0002102049267097101
17.55 -0.0002115873097274179
17.7 -0.0002129696927451257
17.85 -0.0002143520757628335
18 -0.0002157344587805412
18.15 -0.000217116841798249
18.3 -0.0002184992248159568
18.45 -0.0002198816078336645
18.6 -0.0002212639908513723
18.75 -0.0002226463738690801
18.9 -0.0002240287568867879
19.05 -0.0002254111399044956
19.2 -0.0002267935229222034
19.35 -0.0002281759059399112
19.5 -0.0002295582889576189
19.65 -0.0002309406719753267
19.8 -0.0002323230549930345
19.95 -0.0002337054380107423
20.1 -0.00023508782102845
20.25 -0.0002364702040461578
20.4 -0.0002378525870638656
20.55 -0.0002392349700815734
20.7 -0.0002406173530992811
20.85 -0.0002419997361169889
21 -0.0002433821191346966
21.15 -0.0002447645021524045
21.3 -0.0002461468851701122
21.45 -0.00024752926818782
21.6 -0.0002489116512055278
21.75 -0.0002502940342232355
21.9 -0.0002516764172409433
22.05 -0.0002530588002586511
22.2 -0.0002546692661257625
22.35 -0.0002563541097004235
22.5 -0.0002580389532750845
22.65 -0.0002597237968497454
22.8 -0.0002614086404244064
22.95 -0.0002630934839990673
23.1 -0.0002647783275737283
23.25 -0.0002664631711483892
23.4 -0.0002681480147230502
23.55 -0.0002698328582977111
23.7 -0.0002715177018723721
23.85 -0.000273202545447033
24 -0.000274887389021694
24.15 -0.0002765722325963549
24.3 -0.0002782570761710159
24.45 -0.0002799419197456768
24.6 -0.0002816267633203378
24.75 -0.0002833116068949987
24.9 -0.0002849964504696598
25.05 -0.0002866812940443207
25.2 -0.0002883661376189816
25.35 -0.0002900509811936425
25.5 -0.0002917358247683036
25.65 -0.0002934206683429645
25.8 -0.0002951055119176255
25.95 -0.0002967903554922864
26.1 -0.0002984751990669474
26.25 -0.0003001600426416083
26.4 -0.0003018448862162693
26.55 -0.0003035297297909302
26.7 -0.0003052145733655912
26.85 -0.0003068994169402522
27 -0.0003085842605149131
27.15 -0.000310269104089574
27.3 -0.000311953947664235
27.45 -0.0003136387912388959
27.6 -0.0003153236348135569
27.75 -0.0003170084783882178
27.9 -0.0003186933219628788
28.05 -0.0003203781655375398
28.2 -0.0003220630091122007
28.35 -0.0003237478526868617
28.5 -0.0003254326962615226
28.65 -0.0003271175398361836
28.8 -0.0003288023834108446
28.95 -0.0003304872269855055
29.1 -0.0003321720705601665
29.25 -0.0003338569141348274
29.4 -0.0003355417577094884
29.55 -0.0003372266012841494
29.7 -0.0003389114448588103
29.85 -0.0003405962884334713
30 -0.0003422811320081321
30.15 -0.0003439659755827932
30.3 -0.0003456508191574541
30.45 -0.0003473356627321151
30.6 -0.000349020506306776
30.75 -0.000350705349881437
30.9 -0.000352390193456098
31.05 -0.0003540750370307589
31.2 -0.0003557598806054198
31.35 -0.0003574447241800808
31.5 -0.0003591295677547417
31.65 -0.0003608144113294028
31.8 -0.0003624992549040637
31.95 -0.0003641840984787246
32.1 -0.0003658689420533855
32.25 -0.0003675537856280465
32.4 -0.0003692386292027075
32.55 -0.0003709234727773684
32.7 -0.0003726083163520294
32.85 -0.0003742931599266903
33 -0.0003759780035013513
33.15 -0.0003775132534905413
33.3 -0.0003780573527672211
33.45 -0.0003786014520439009
33.6 -0.0003791455513205806
33.75 -0.0003796896505972604
33.9 -0.0003802337498739402
34.05 -0.0003807778491506199
34.2 -0.0003813219484272996
34.35 -0.0003818660477039794
34.5 -0.0003824101469806592
34.65 -0.000382954246257339
34.8 -0.0003834983455340187
34.95 -0.0003840424448106984
35.1 -0.0003845865440873782
35.25 -0.000385130643364058
35.4 -0.0003856747426407377
35.55 -0.0003862188419174175
35.7 -0.0003867629411940972
35.85 -0.000387307040470777
36 -0.0003878511397474568
36.15 -0.0003883952390241365
36.3 -0.0003889393383008163
36.45 -0.000389483437577496
36.6 -0.0003900275368541758
36.75 -0.0003905716361308555
36.9 -0.0003911157354075354
37.05 -0.0003916598346842151
37.2 -0.0003922039339608948
37.35 -0.0003927480332375745
37.5 -0.0003932921325142543
37.65 -0.0003938362317909341
37.8 -0.0003943803310676138
37.95 -0.0003949244303442936
38.1 -0.0003954685296209734
38.25 -0.0003960126288976531
38.4 -0.0003965567281743328
38.55 -0.0003971008274510127
38.7 -0.0003976449267276924
38.85 -0.0003981890260043721
39 -0.0003987331252810519
39.15 -0.0003992772245577316
39.3 -0.0003998213238344114
39.45 -0.0004003654231110912
39.6 -0.0004009095223877709
39.75 -0.0004014536216644507
39.9 -0.0004019977209411304
40.05 -0.0004025418202178102
40.2 -0.00040308591949449
40.35 -0.0004036300187711697
40.5 -0.0004041741180478495
40.65 -0.0004047182173245292
40.8 -0.000405262316601209
40.95 -0.0004058064158778888
41.1 -0.0004063505151545685
41.25 -0.0004068946144312483
41.4 -0.000407438713707928
41.55 -0.0004079828129846078
41.7 -0.0004085269122612875
41.85 -0.0004090710115379673
42 -0.000409615110814647
42.15 -0.0004101592100913268
42.3 -0.0004107033093680065
42.45 -0.0004112474086446863
42.6 -0.0004117915079213661
42.75 -0.0004123356071980458
42.9 -0.0004128797064747255
43.05 -0.0004134238057514053
43.2 -0.0004139679050280851
43.35 -0.0004145120043047648
43.5 -0.0004150561035814446
43.65 -0.0004156002028581243
43.8 -0.0004161443021348042
43.95 -0.0004166884014114839
44.1 -0.0004172325006881637
44.25 -0.0004170363620580118
44.4 -0.0004161238232100493
44.55 -0.0004152112843620868
44.7 -0.0004142987455141243
44.85 -0.0004133862066661619
45 -0.0004124736678181995
45.15 -0.000411561128970237
45.3 -0.0004106485901222745
45.45 -0.0004097360512743119
45.6 -0.0004088235124263495
45.75 -0.000407910973578387
45.9 -0.0004069984347304245
46.05 -0.000406085895882462
46.2 -0.0004051733570344995
46.35 -0.000404260818186537
46.5 -0.0004033482793385746
46.65 -0.0004024357404906121
46.8 -0.0004015232016426496
46.95 -0.0004006106627946871
47.1 -0.0003996981239467246
47.25 -0.0003987855850987622
47.4 -0.0003978730462507996
47.55 -0.0003969605074028372
47.7 -0.0003960479685548747
47.85 -0.0003951354297069122
48 -0.0003942228908589497
48.15 -0.0003933103520109872
48.3 -0.0003923978131630247
48.45 -0.0003914852743150623
48.6 -0.0003905727354670998
48.75 -0.0003896601966191373
48.9 -0.0003887476577711748
49.05 -0.0003878351189232123
49.2 -0.0003869225800752498
49.35 -0.0003860100412272874
49.5 -0.0003850975023793248
49.65 -0.0003841849635313624
49.8 -0.0003832724246833999
49.95 -0.0003823598858354374
50.1 -0.0003814473469874749
50.25 -0.0003805348081395125
50.4 -0.00037962226929155
50.55 -0.0003787097304435875
50.7 -0.000377797191595625
50.85 -0.0003768846527476625
51 -0.0003759721138997
51.15 -0.0003750595750517375
51.3 -0.000374147036203775
51.45 -0.0003732344973558126
51.6 -0.0003723219585078501
51.75 -0.0003714094196598876
51.9 -0.0003704968808119251
52.05 -0.0003695843419639626
52.2 -0.0003686718031160002
52.35 -0.0003677592642680377
52.5 -0.0003668467254200752
52.65 -0.0003659341865721127
52.8 -0.0003650216477241502
52.95 -0.0003641091088761877
53.1 -0.0003631965700282253
53.25 -0.0003622840311802627
53.4 -0.0003613714923323003
53.55 -0.0003604589534843378
53.7 -0.0003595464146363753
53.85 -0.0003586338757884128
54 -0.0003577213369404503
54.15 -0.0003568087980924879
54.3 -0.0003558962592445253
54.45 -0.0003549837203965629
54.6 -0.0003540711815486004
54.75 -0.0003531586427006379
54.9 -0.0003522461038526755
55.05 -0.0003513335650047129
55.2 -0.0003504210261567505
55.35 -0.0003477237796873206
55.5 -0.0003447951415551305
55.65 -0.0003418665034229402
55.8 -0.00033893786529075
55.95 -0.0003360092271585599
56.1 -0.0003330805890263696
56.25 -0.0003301519508941795
56.4 -0.0003272233127619895
56.55 -0.000324294674629799
56.7 -0.0003213660364976089
56.85 -0.0003184373983654188
57 -0.0003155087602332286
57.15 -0.0003125801221010385
57.3 -0.0003096514839688482
57.45 -0.000306722845836658
57.6 -0.0003037942077044679
57.75 -0.0003008655695722776
57.9 -0.0002979369314400875
58.05 -0.0002950082933078973
58.2 -0.000292079655175707
58.35 -0.000289151017043517
58.5 -0.0002862223789113268
58.65 -0.0002832937407791366
58.8 -0.0002803651026469463
58.95 -0.0002774364645147562
59.1 -0.000274507826382566
59.25 -0.0002715791882503759
59.4 -0.0002686505501181858
59.55 -0.0002657219119859954
59.7 -0.0002627932738538052
59.85 -0.0002598646357216151
60 -0.0002569359975894249
