0 -3.015366147430095e-006
0.15 -5.043273203962176e-006
0.3 -7.071180260494257e-006
0.45 -9.099087317026338e-006
0.6 -1.112699437355842e-005
0.75 -1.31549014300905e-005
0.9 -1.518280848662258e-005
1.05 -1.721071554315466e-005
1.2 -1.923862259968674e-005
1.35 -2.126652965621882e-005
1.5 -2.32944367127509e-005
1.65 -2.532234376928299e-005
1.8 -2.735025082581507e-005
1.95 -2.937815788234714e-005
2.1 -3.140606493887922e-005
2.25 -3.343397199541131e-005
2.4 -3.546187905194338e-005
2.55 -3.748978610847547e-005
2.7 -3.951769316500754e-005
2.85 -4.154560022153964e-005
3 -4.357350727807171e-005
3.15 -4.560141433460379e-005
3.3 -4.762932139113588e-005
3.45 -4.965722844766796e-005
3.6 -5.168513550420004e-005
3.75 -5.371304256073211e-005
3.9 -5.574094961726419e-005
4.05 -5.776885667379627e-005
4.2 -5.979676373032836e-005
4.350000000000001 -6.182467078686043e-005
4.5 -6.385257784339252e-005
4.65 -6.58804848999246e-005
4.8 -6.790839195645667e-005
4.95 -6.993629901298877e-005
5.100000000000001 -7.196420606952085e-005
5.25 -7.399211312605292e-005
5.4 -7.602002018258499e-005
5.55 -7.804792723911708e-005
5.7 -8.007583429564918e-005
5.850000000000001 -8.210374135218126e-005
6 -8.413164840871333e-005
6.15 -8.61595554652454e-005
6.3 -8.818746252177748e-005
6.45 -9.021536957830957e-005
6.600000000000001 -9.224327663484167e-005
6.75 -9.427118369137374e-005
6.9 -9.629909074790581e-005
7.05 -9.832699780443788e-005
7.2 -0.00010035490486097
7.350000000000001 -0.0001023828119175021
7.5 -0.0001044107189740341
7.65 -0.0001064386260305662
7.8 -0.0001084665330870983
7.95 -0.0001104944401436304
8.1 -0.0001125223472001625
8.25 -0.0001145502542566945
8.4 -0.0001165781613132266
8.550000000000001 -0.0001186060683697587
8.700000000000001 -0.0001206339754262908
8.85 -0.0001226618824828229
9 -0.0001246897895393549
9.15 -0.000126717696595887
9.300000000000001 -0.0001287456036524191
9.450000000000001 -0.0001307735107089512
9.6 -0.0001328014177654832
9.75 -0.0001348293248220153
9.9 -0.0001368572318785474
10.05 -0.0001388851389350795
10.2 -0.0001409130459916116
10.35 -0.0001429409530481437
10.5 -0.0001449688601046757
10.65 -0.0001469967671612078
10.8 -0.0001490246742177399
10.95 -0.0001509400143834664
11.1 -0.0001525226743414241
11.25 -0.0001541053342993819
11.4 -0.0001556879942573397
11.55 -0.0001572706542152974
11.7 -0.0001588533141732552
11.85 -0.0001604359741312129
12 -0.0001620186340891707
12.15 -0.0001636012940471285
12.3 -0.0001651839540050863
12.45 -0.000166766613963044
12.6 -0.0001683492739210017
12.75 -0.0001699319338789595
12.9 -0.0001715145938369173
13.05 -0.0001730972537948751
13.2 -0.0001746799137528328
13.35 -0.0001762625737107906
13.5 -0.0001778452336687483
13.65 -0.0001794278936267061
13.8 -0.0001810105535846639
13.95 -0.0001825932135426216
14.1 -0.0001841758735005794
14.25 -0.0001857585334585372
14.4 -0.0001873411934164949
14.55 -0.0001889238533744527
14.7 -0.0001905065133324105
14.85 -0.0001920891732903682
15 -0.000193671833248326
15.15 -0.0001952544932062838
15.3 -0.0001968371531642415
15.45 -0.0001984198131221993
15.6 -0.0002000024730801571
15.75 -0.0002015851330381148
15.9 -0.0002031677929960726
16.05 -0.0002047504529540304
16.2 -0.0002063331129119881
16.35 -0.0002079157728699459
16.5 -0.0002094984328279036
16.65 -0.0002110810927858614
16.8 -0.0002126637527438192
16.95 -0.0002142464127017769
17.1 -0.0002158290726597347
17.25 -0.0002174117326176925
17.4 -0.0002189943925756502
17.55 -0.000220577052533608
17.7 -0.0002221597124915657
17.85 -0.0002237423724495235
18 -0.0002253250324074813
18.15 -0.0002269076923654391
18.3 -0.0002284903523233968
18.45 -0.0002300730122813546
18.6 -0.0002316556722393123
18.75 -0.0002332383321972701
18.9 -0.0002348209921552279
19.05 -0.0002364036521131857
19.2 -0.0002379863120711434
19.35 -0.0002395689720291012
19.5 -0.0002411516319870589
19.65 -0.0002427342919450168
19.8 -0.0002443169519029744
19.95 -0.0002458996118609323
20.1 -0.00024748227181889
20.25 -0.0002490649317768478
20.4 -0.0002506475917348055
20.55 -0.0002522302516927633
20.7 -0.000253812911650721
20.85 -0.0002553955716086788
21 -0.0002569782315666366
21.15 -0.0002585608915245943
21.3 -0.0002601435514825521
21.45 -0.0002617262114405098
21.6 -0.0002633088713984677
21.75 -0.0002648915313564254
21.9 -0.0002664044275591499
22.05 -0.0002678491157325936
22.2 -0.0002692938039060372
22.35 -0.0002707384920794809
22.5 -0.0002721831802529245
22.65 -0.0002736278684263682
22.8 -0.0002750725565998119
22.95 -0.0002765172447732555
23.1 -0.0002779619329466992
23.25 -0.0002794066211201429
23.4 -0.0002808513092935865
23.55 -0.0002822959974670302
23.7 -0.0002837406856404739
23.85 -0.0002851853738139176
24 -0.0002866300619873612
24.15 -0.0002880747501608049
24.3 -0.0002895194383342486
24.45 -0.0002909641265076922
24.6 -0.0002924088146811359
24.75 -0.0002938535028545795
24.9 -0.0002952981910280232
25.05 -0.0002967428792014669
25.2 -0.0002981875673749106
25.35 -0.0002996322555483542
25.5 -0.0003010769437217979
25.65 -0.0003025216318952416
25.8 -0.0003039663200686852
25.95 -0.0003054110082421289
26.1 -0.0003068556964155725
26.25 -0.0003083003845890162
26.4 -0.0003097450727624599
26.55 -0.0003111897609359036
26.7 -0.0003126344491093472
26.85 -0.0003140791372827909
27 -0.0003155238254562346
27.15 -0.0003169685136296782
27.3 -0.0003184132018031219
27.45 -0.0003198578899765655
27.6 -0.0003213025781500093
27.75 -0.0003227472663234529
27.9 -0.0003241919544968965
28.05 -0.0003256366426703403
28.2 -0.0003270813308437839
28.35 -0.0003285260190172276
28.5 -0.0003299707071906712
28.65 -0.0003314153953641149
28.8 -0.0003328600835375586
28.95 -0.0003343047717110022
29.1 -0.0003357494598844459
29.25 -0.0003371941480578895
29.4 -0.0003386388362313332
29.55 -0.0003400835244047769
29.7 -0.0003415282125782206
29.85 -0.0003429729007516643
30 -0.0003444175889251079
30.15 -0.0003458622770985516
30.3 -0.0003473069652719953
30.45 -0.0003487516534454388
30.6 -0.0003501963416188825
30.75 -0.0003516410297923262
30.9 -0.0003530857179657699
31.05 -0.0003545304061392136
31.2 -0.0003559750943126572
31.35 -0.0003574197824861009
31.5 -0.0003588644706595446
31.65 -0.0003603091588329882
31.8 -0.0003617538470064319
31.95 -0.0003631985351798755
32.1 -0.0003646432233533192
32.25 -0.0003660879115267629
32.4 -0.0003675325997002065
32.55 -0.0003689772878736501
32.7 -0.0003704219760470939
32.85 -0.0003719141511121707
33 -0.0003734214491719635
33.15 -0.0003749287472317563
33.3 -0.0003764360452915492
33.45 -0.000377943343351342
33.6 -0.0003794506414111349
33.75 -0.0003809579394709277
33.9 -0.0003824652375307205
34.05 -0.0003839725355905134
34.2 -0.0003854798336503063
34.35 -0.0003869871317100991
34.5 -0.0003884944297698919
34.65 -0.0003900017278296848
34.8 -0.0003915090258894776
34.95 -0.0003930163239492705
35.1 -0.0003945236220090633
35.25 -0.0003960309200688561
35.4 -0.0003975382181286489
35.55 -0.0003990455161884418
35.7 -0.0004005528142482347
35.85 -0.0004020601123080275
36 -0.0004035674103678203
36.15 -0.0004050747084276132
36.3 -0.000406582006487406
36.45 -0.0004080893045471989
36.6 -0.0004095966026069917
36.75 -0.0004111039006667845
36.9 -0.0004126111987265774
37.05 -0.0004141184967863703
37.2 -0.0004156257948461631
37.35 -0.000417133092905956
37.5 -0.0004186403909657488
37.65 -0.0004201476890255416
37.8 -0.0004216549870853345
37.95 -0.0004231622851451273
38.1 -0.0004246695832049201
38.25 -0.000426176881264713
38.4 -0.0004276841793245058
38.55 -0.0004291914773842987
38.7 -0.0004306987754440916
38.85 -0.0004322060735038844
39 -0.0004337133715636771
39.15 -0.00043522066962347
39.3 -0.0004367279676832629
39.45 -0.0004382352657430557
39.6 -0.0004397425638028485
39.75 -0.0004412498618626415
39.9 -0.0004427571599224342
40.05 -0.0004442644579822271
40.2 -0.00044577175604202
40.35 -0.0004472790541018127
40.5 -0.0004487863521616056
40.65 -0.0004502936502213984
40.8 -0.0004518009482811913
40.95 -0.0004533082463409841
41.1 -0.000454815544400777
41.25 -0.0004563228424605698
41.4 -0.0004578301405203626
41.55 -0.0004593374385801556
41.7 -0.0004608447366399484
41.85 -0.0004623520346997412
42 -0.000463859332759534
42.15 -0.0004653666308193269
42.3 -0.0004668739288791198
42.45 -0.0004683812269389126
42.6 -0.0004698885249987054
42.75 -0.0004713958230584983
42.9 -0.0004729031211182911
43.05 -0.0004744104191780839
43.2 -0.0004759177172378769
43.35 -0.0004774250152976696
43.5 -0.0004789323133574625
43.65 -0.0004804159012829376
43.8 -0.0004798204321186761
43.95 -0.0004792249629544147
44.1 -0.0004786294937901532
44.25 -0.0004780340246258918
44.4 -0.0004774385554616304
44.55 -0.0004768430862973688
44.7 -0.0004762476171331074
44.85 -0.0004756521479688459
45 -0.0004750566788045845
45.15 -0.000474461209640323
45.3 -0.0004738657404760615
45.45 -0.0004732702713118001
45.6 -0.0004726748021475386
45.75 -0.0004720793329832772
45.9 -0.0004714838638190157
46.05 -0.0004708883946547543
46.2 -0.0004702929254904928
46.35 -0.0004696974563262313
46.5 -0.0004691019871619699
46.65 -0.0004685065179977085
46.8 -0.0004679110488334469
46.95 -0.0004673155796691856
47.1 -0.0004667201105049241
47.25 -0.0004661246413406626
47.4 -0.0004655291721764012
47.55 -0.0004649337030121397
47.7 -0.0004643382338478782
47.85 -0.0004637427646836168
48 -0.0004631472955193553
48.15 -0.0004625518263550939
48.3 -0.0004619563571908324
48.45 -0.000461360888026571
48.6 -0.0004607654188623096
48.75 -0.000460169949698048
48.9 -0.0004595744805337866
49.05 -0.0004589790113695251
49.2 -0.0004583835422052637
49.35 -0.0004577880730410022
49.5 -0.0004571926038767407
49.65 -0.0004565971347124793
49.8 -0.0004560016655482178
49.95 -0.0004554061963839564
50.1 -0.0004548107272196949
50.25 -0.0004542152580554335
50.4 -0.000453619788891172
50.55 -0.0004530243197269105
50.7 -0.0004524288505626491
50.85 -0.0004518333813983876
51 -0.0004512379122341262
51.15 -0.0004506424430698647
51.3 -0.0004500469739056032
51.45 -0.0004494515047413417
51.6 -0.0004488560355770804
51.75 -0.0004482605664128189
51.9 -0.0004476650972485574
52.05 -0.000447069628084296
52.2 -0.0004464741589200344
52.35 -0.0004458786897557731
52.5 -0.0004452832205915116
52.65 -0.0004446877514272502
52.8 -0.0004440922822629887
52.95 -0.0004434968130987273
53.1 -0.0004429013439344658
53.25 -0.0004423058747702043
53.4 -0.0004417104056059429
53.55 -0.0004411149364416814
53.7 -0.0004405194672774199
53.85 -0.0004399239981131585
54 -0.000439328528948897
54.15 -0.0004387330597846356
54.3 -0.0004381375906203741
54.45 -0.0004375421214561126
54.6 -0.0004360298612343669
54.75 -0.0004319629426377361
54.9 -0.0004278960240411052
55.05 -0.0004238291054444743
55.2 -0.0004197621868478435
55.35 -0.0004156952682512126
55.5 -0.0004116283496545818
55.65 -0.000407561431057951
55.8 -0.0004034945124613201
55.95 -0.0003994275938646892
56.1 -0.0003953606752680584
56.25 -0.0003912937566714276
56.4 -0.0003872268380747968
56.55 -0.0003831599194781657
56.7 -0.000379093000881535
56.85 -0.0003750260822849042
57 -0.0003709591636882734
57.15 -0.0003668922450916426
57.3 -0.0003628253264950115
57.45 -0.0003587584078983807
57.6 -0.00035469148930175
57.75 -0.0003506245707051191
57.9 -0.0003465576521084883
58.05 -0.0003424907335118574
58.2 -0.0003384238149152265
58.35 -0.0003343568963185957
58.5 -0.0003302899777219649
58.65 -0.0003262230591253341
58.8 -0.0003221561405287031
58.95 -0.0003180892219320722
59.1 -0.0003140223033354415
59.25 -0.0003099553847388107
59.4 -0.0003058884661421799
59.55 -0.0003018215475455489
59.7 -0.0002977546289489181
59.85 -0.0002936877103522872
60 -0.0002896207917556564
