0 -0.02318339900841591
0.15 -0.02303495784128773
0.3 -0.02288651667415955
0.45 -0.02273807550703137
0.6 -0.02258963433990319
0.75 -0.02244119317277501
0.9 -0.02229275200564683
1.05 -0.02214431083851865
1.2 -0.02199586967139047
1.35 -0.02184742850426229
1.5 -0.0216989873371341
1.65 -0.02155054617000593
1.8 -0.02140210500287774
1.95 -0.02125366383574957
2.1 -0.02110522266862138
2.25 -0.0209567815014932
2.4 -0.02080834033436502
2.55 -0.02065989916723684
2.7 -0.02051145800010866
2.85 -0.02036301683298048
3 -0.0202145756658523
3.15 -0.02006613449872412
3.3 -0.01991769333159594
3.45 -0.01976925216446776
3.6 -0.01962081099733957
3.75 -0.0194723698302114
3.9 -0.01932392866308322
4.05 -0.01917548749595503
4.2 -0.01902704632882685
4.350000000000001 -0.01887860516169867
4.5 -0.01873016399457049
4.65 -0.01858172282744231
4.8 -0.01843328166031413
4.95 -0.01828484049318595
5.100000000000001 -0.01813639932605777
5.25 -0.01798795815892959
5.4 -0.01783951699180141
5.55 -0.01769107582467323
5.7 -0.01754263465754505
5.850000000000001 -0.01739419349041687
6 -0.01724575232328868
6.15 -0.01709731115616051
6.3 -0.01694886998903232
6.45 -0.01680042882190414
6.600000000000001 -0.01665198765477596
6.75 -0.01650354648764778
6.9 -0.0163551053205196
7.05 -0.01620666415339142
7.2 -0.01605822298626324
7.350000000000001 -0.01590978181913506
7.5 -0.01577823329194789
7.65 -0.0156567124491149
7.8 -0.01553519160628191
7.95 -0.01541367076344892
8.1 -0.01529214992061594
8.25 -0.01517062907778296
8.4 -0.01504910823494997
8.550000000000001 -0.01492758739211698
8.700000000000001 -0.01480606654928399
8.85 -0.01468454570645101
9 -0.01456302486361802
9.15 -0.01444150402078503
9.300000000000001 -0.01431998317795205
9.450000000000001 -0.01419846233511906
9.6 -0.01407694149228608
9.75 -0.01395542064945309
9.9 -0.0138338998066201
10.05 -0.01371237896378712
10.2 -0.01359085812095413
10.35 -0.01346933727812114
10.5 -0.01334781643528816
10.65 -0.01322629559245517
10.8 -0.01310477474962218
10.95 -0.0129832539067892
11.1 -0.01286173306395621
11.25 -0.01274021222112322
11.4 -0.01261869137829024
11.55 -0.01249717053545725
11.7 -0.01237564969262426
11.85 -0.01225412884979128
12 -0.01213260800695829
12.15 -0.0120110871641253
12.3 -0.01188956632129232
12.45 -0.01176804547845933
12.6 -0.01164652463562635
12.75 -0.01152500379279336
12.9 -0.01140348294996037
13.05 -0.01128196210712738
13.2 -0.0111604412642944
13.35 -0.01103892042146141
13.5 -0.01091739957862842
13.65 -0.01079587873579544
13.8 -0.01067435789296245
13.95 -0.01055283705012947
14.1 -0.01043131620729648
14.25 -0.01030979536446349
14.4 -0.0101882745216305
14.55 -0.01006675367879752
14.7 -0.00994523283596453
14.85 -0.009823711993131545
15 -0.009702191150298559
15.15 -0.009580670307465573
15.3 -0.009459149464632588
15.45 -0.009337628621799599
15.6 -0.009222066218310588
15.75 -0.009112008384186817
15.9 -0.009001950550063047
16.05 -0.008891892715939277
16.2 -0.008781834881815508
16.35 -0.008671777047691735
16.5 -0.008561719213567966
16.65 -0.008451661379444197
16.8 -0.008341603545320425
16.95 -0.008231545711196655
17.1 -0.008121487877072883
17.25 -0.008011430042949115
17.4 -0.007901372208825343
17.55 -0.007791314374701572
17.7 -0.007681256540577801
17.85 -0.007571198706454031
18 -0.007461140872330262
18.15 -0.00735108303820649
18.3 -0.00724102520408272
18.45 -0.007130967369958951
18.6 -0.007020909535835178
18.75 -0.006910851701711409
18.9 -0.006800793867587638
19.05 -0.006690736033463867
19.2 -0.006580678199340098
19.35 -0.006470620365216327
19.5 -0.006360562531092557
19.65 -0.006250504696968785
19.8 -0.006140446862845016
19.95 -0.006030389028721247
20.1 -0.005920331194597474
20.25 -0.005810273360473704
20.4 -0.005700215526349934
20.55 -0.005590157692226165
20.7 -0.005480099858102396
20.85 -0.005370042023978623
21 -0.005259984189854853
21.15 -0.00514992635573108
21.3 -0.005039868521607311
21.45 -0.004929810687483542
21.6 -0.004819752853359772
21.75 -0.004709695019236002
21.9 -0.00459963718511223
22.05 -0.004489579350988459
22.2 -0.00437952151686469
22.35 -0.004269463682740917
22.5 -0.004159405848617148
22.65 -0.004049348014493378
22.8 -0.003939290180369609
22.95 -0.003829232346245839
23.1 -0.003719174512122066
23.25 -0.003609116677998296
23.4 -0.003499058843874524
23.55 -0.003389001009750754
23.7 -0.003307587618826113
23.85 -0.003267040075097673
24 -0.003226492531369234
24.15 -0.003185944987640796
24.3 -0.003145397443912358
24.45 -0.003104849900183919
24.6 -0.00306430235645548
24.75 -0.003023754812727042
24.9 -0.002983207268998603
25.05 -0.002942659725270165
25.2 -0.002902112181541727
25.35 -0.002861564637813287
25.5 -0.002821017094084849
25.65 -0.002780469550356411
25.8 -0.002739922006627973
25.95 -0.002699374462899534
26.1 -0.002658826919171095
26.25 -0.002618279375442658
26.4 -0.002577731831714218
26.55 -0.00253718428798578
26.7 -0.002496636744257342
26.85 -0.002456089200528903
27 -0.002415541656800465
27.15 -0.002374994113072026
27.3 -0.002334446569343587
27.45 -0.002293899025615149
27.6 -0.00225335148188671
27.75 -0.002212803938158272
27.9 -0.002172256394429833
28.05 -0.002131708850701394
28.2 -0.002091161306972956
28.35 -0.002050613763244518
28.5 -0.002010066219516079
28.65 -0.00196951867578764
28.8 -0.001928971132059201
28.95 -0.001888423588330763
29.1 -0.001847876044602325
29.25 -0.001807328500873886
29.4 -0.001766780957145447
29.55 -0.001726233413417009
29.7 -0.001685685869688572
29.85 -0.001645138325960132
30 -0.001604590782231694
30.15 -0.001564043238503254
30.3 -0.001523495694774817
30.45 -0.001482948151046379
30.6 -0.001442400607317939
30.75 -0.001401853063589501
30.9 -0.001361305519861063
31.05 -0.001320757976132624
31.2 -0.001280210432404186
31.35 -0.001239662888675746
31.5 -0.001199115344947308
31.65 -0.00115856780121887
31.8 -0.001124288504981258
31.95 -0.001104334364188824
32.1 -0.001084380223396389
32.25 -0.001064426082603954
32.4 -0.001044471941811519
32.55 -0.001024517801019084
32.7 -0.001004563660226649
32.85 -0.0009846095194342142
33 -0.0009646553786417796
33.15 -0.0009447012378493443
33.3 -0.0009247470970569101
33.45 -0.0009047929562644747
33.6 -0.0008848388154720395
33.75 -0.0008648846746796052
33.9 -0.0008449305338871707
34.05 -0.0008249763930947354
34.2 -0.0008050222523023001
34.35 -0.0007850681115098658
34.5 -0.0007651139707174304
34.65 -0.000745159829924996
34.8 -0.0007252056891325606
34.95 -0.0007052515483401254
35.1 -0.000685297407547691
35.25 -0.0006653432667552557
35.4 -0.0006453891259628213
35.55 -0.0006254349851703861
35.7 -0.0006054808443779506
35.85 -0.0005855267035855164
36 -0.000565572562793082
36.15 -0.0005456184220006468
36.3 -0.0005256642812082114
36.45 -0.000505710140415777
36.6 -0.0004857559996233417
36.75 -0.0004658018588309073
36.9 -0.000445847718038473
37.05 -0.0004258935772460367
37.2 -0.0004059394364536024
37.35 -0.000385985295661168
37.5 -0.0003660311548687327
37.65 -0.0003460770140762984
37.8 -0.000326122873283863
37.95 -0.0003061687324914276
38.1 -0.0002862145916989933
38.25 -0.0002662604509065589
38.4 -0.0002463063101141236
38.55 -0.0002263521693216883
38.7 -0.000206398028529254
38.85 -0.0001864438877368187
39 -0.0001664897469443843
39.15 -0.000146535606151949
39.3 -0.0001265814653595137
39.45 -0.0001066273245670793
39.6 -8.667318377464398e-005
39.75 -6.671904298220964e-005
39.9 -4.694330567991853e-005
40.05 -2.789627010741927e-005
40.2 -8.849234534920987e-006
40.35 1.019780103757728e-005
40.5 2.924483661007456e-005
40.65 4.829187218257284e-005
40.8 6.73389077550721e-005
40.95 8.63859433275704e-005
41.1 0.0001054329789000686
41.25 0.0001244800144725669
41.4 0.0001435270500450642
41.55 0.0001625740856175635
41.7 0.0001816211211900618
41.85 0.0002006681567625601
42 0.0002197151923350583
42.15 0.0002387622279075566
42.3 0.0002578092634800549
42.45 0.0002768562990525531
42.6 0.0002959033346250514
42.75 0.0003149503701975497
42.9 0.000333997405770048
43.05 0.0003530444413425463
43.2 0.0003720914769150445
43.35 0.0003911385124875428
43.5 0.0004101855480600411
43.65 0.0004292325836325394
43.8 0.0004482796192050386
43.95 0.0004673266547775359
44.1 0.0004863736903500342
44.25 0.0005054207259225324
44.4 0.0005244677614950307
44.55 0.00054351479706753
44.7 0.0005625618326400283
44.85 0.0005816088682125255
45 0.0006006559037850238
45.15 0.0006197029393575222
45.3 0.0006387499749300213
45.45 0.0006577970105025198
45.6 0.0006768440460750169
45.75 0.0006958910816475152
45.9 0.0007149381172200135
46.05 0.0007339851527925127
46.2 0.000753032188365011
46.35 0.0007720792239375093
46.5 0.0007911262595100067
46.65 0.0008101732950825048
46.8 0.0008292203306550042
46.95 0.0008482673662275024
47.1 0.0008673144018000007
47.25 0.0008863614373724989
47.4 0.0009054084729449962
47.55 0.0009244555085174955
47.7 0.0009435025440899938
47.85 0.0009625495796624921
48 0.0009816270398551982
48.15 0.001001016057606365
48.3 0.001020405075357535
48.45 0.001039794093108703
48.6 0.001059183110859871
48.75 0.001078572128611039
48.9 0.001097961146362208
49.05 0.001117350164113376
49.2 0.001136739181864545
49.35 0.001156128199615713
49.5 0.00117551721736688
49.65 0.001194906235118048
49.8 0.001214295252869218
49.95 0.001233684270620385
50.1 0.001253073288371554
50.25 0.001272462306122722
50.4 0.001291851323873889
50.55 0.001311240341625059
50.7 0.001330629359376227
50.85 0.001350018377127395
51 0.001369407394878563
51.15 0.001388796412629731
51.3 0.0014081854303809
51.45 0.001427574448132068
51.6 0.001446963465883237
51.75 0.001466352483634404
51.9 0.001485741501385572
52.05 0.001505130519136741
52.2 0.001524519536887909
52.35 0.001543908554639078
52.5 0.001563297572390246
52.65 0.001582686590141414
52.8 0.001602075607892583
52.95 0.00162146462564375
53.1 0.001640853643394919
53.25 0.001660242661146087
53.4 0.001679631678897255
53.55 0.001699020696648424
53.7 0.001718409714399592
53.85 0.001737798732150761
54 0.001757187749901928
54.15 0.001776576767653096
54.3 0.001795965785404265
54.45 0.001815354803155433
54.6 0.001834743820906602
54.75 0.00185413283865777
54.9 0.001873521856408937
55.05 0.001892910874160107
55.2 0.001912299891911274
55.35 0.001931688909662443
55.5 0.001951077927413611
55.65 0.001970466945164779
55.8 0.001989855962915948
55.95 0.002009244980667116
56.1 0.002028633998418284
56.25 0.002087621348518639
56.4 0.00214736504198184
56.55 0.002207108735445044
56.7 0.002266852428908248
56.85 0.002326596122371449
57 0.002386339815834651
57.15 0.002446083509297852
57.3 0.002505827202761055
57.45 0.002565570896224259
57.6 0.00262531458968746
57.75 0.002685058283150661
57.9 0.002744801976613866
58.05 0.002804545670077069
58.2 0.002864289363540268
58.35 0.002924033057003472
58.5 0.002983776750466675
58.65 0.003043520443929874
58.8 0.003103264137393078
58.95 0.003163007830856282
59.1 0.003222751524319486
59.25 0.003282495217782684
59.4 0.003342238911245888
59.55 0.003401982604709092
59.7 0.003461726298172291
59.85 0.003521469991635494
60 0.003581213685098698
