0 0
0.15 4.852661722974688e-009
0.3 1.122434220555312e-008
0.45 1.864048059885982e-008
0.6 2.605661899216651e-008
0.75 3.34727573854732e-008
0.9 4.08888957787799e-008
1.05 4.554907907757307e-008
1.2 5.003830562211573e-008
1.35 5.452753216665838e-008
1.5 5.901675871120104e-008
1.65 6.689933484004428e-008
1.8 8.30647681901956e-008
1.95 9.923020154034689e-008
2.1 1.153956348904982e-007
2.25 1.315610682406495e-007
2.4 1.477265015908008e-007
2.55 1.638919349409522e-007
2.7 1.800573682911034e-007
2.85 1.962228016412548e-007
3 2.12388234991406e-007
3.15 2.797620728489429e-007
3.3 3.477222366267661e-007
3.45 4.156824004045889e-007
3.6 4.836425641824119e-007
3.75 5.516027279602348e-007
3.9 6.195628917380576e-007
4.05 6.875230555158806e-007
4.2 7.554832192937034e-007
4.350000000000001 8.234433830715266e-007
4.5 8.914035468493493e-007
4.65 9.593637106271726e-007
4.8 1.027323874404995e-006
4.95 1.095284038182818e-006
5.100000000000001 1.163244201960641e-006
5.25 1.231204365738464e-006
5.4 1.299164529516287e-006
5.55 1.36712469329411e-006
5.7 1.435084857071933e-006
5.850000000000001 1.515044804000638e-006
6 1.614189624202023e-006
6.15 1.713334444403408e-006
6.3 1.812479264604793e-006
6.45 1.911624084806178e-006
6.600000000000001 2.010768905007563e-006
6.75 2.109913725208947e-006
6.9 2.209058545410332e-006
7.05 2.308203365611717e-006
7.2 2.407348185813102e-006
7.350000000000001 2.506493006014487e-006
7.5 2.605637826215871e-006
7.65 2.704782646417257e-006
7.8 2.803927466618642e-006
7.95 2.903072286820027e-006
8.1 3.002217107021411e-006
8.25 3.101361927222796e-006
8.4 3.200506747424181e-006
8.550000000000001 3.299651567625567e-006
8.700000000000001 3.398796387826952e-006
8.85 3.497941208028335e-006
9 3.597086028229721e-006
9.15 3.696230848431105e-006
9.300000000000001 3.795375668632491e-006
9.450000000000001 3.894520488833875e-006
9.6 3.99366530903526e-006
9.75 4.092810129236646e-006
9.9 4.19195494943803e-006
10.05 4.291099769639415e-006
10.2 4.3902445898408e-006
10.35 4.489389410042186e-006
10.5 4.588534230243569e-006
10.65 4.687679050444955e-006
10.8 4.78682387064634e-006
10.95 4.885968690847726e-006
11.1 4.985113511049109e-006
11.25 5.084258331250494e-006
11.4 5.19584241934585e-006
11.55 5.365252337523852e-006
11.7 5.534662255701852e-006
11.85 5.704072173879851e-006
12 5.873482092057853e-006
12.15 6.042892010235852e-006
12.3 6.212301928413854e-006
12.45 6.381711846591856e-006
12.6 6.551121764769855e-006
12.75 6.720531682947855e-006
12.9 6.889941601125857e-006
13.05 7.059351519303858e-006
13.2 7.228761437481857e-006
13.35 7.398171355659857e-006
13.5 7.567581273837859e-006
13.65 7.736991192015858e-006
13.8 7.906401110193861e-006
13.95 8.075811028371861e-006
14.1 8.245220946549862e-006
14.25 8.414630864727861e-006
14.4 8.584040782905862e-006
14.55 8.753450701083865e-006
14.7 8.922860619261864e-006
14.85 9.092270537439863e-006
15 9.261680455617864e-006
15.15 9.431090373795864e-006
15.3 9.600500291973865e-006
15.45 9.769910210151869e-006
15.6 9.939320128329869e-006
15.75 1.010873004650787e-005
15.9 1.027813996468587e-005
16.05 1.044754988286387e-005
16.2 1.061695980104187e-005
16.35 1.078636971921987e-005
16.5 1.095577963739787e-005
16.65 1.112518955557587e-005
16.8 1.129459947375387e-005
16.95 1.146400939193187e-005
17.1 1.175657401349012e-005
17.25 1.205304328428407e-005
17.4 1.234951255507803e-005
17.55 1.264598182587198e-005
17.7 1.294245109666592e-005
17.85 1.323892036745988e-005
18 1.353538963825383e-005
18.15 1.383185890904778e-005
18.3 1.412832817984173e-005
18.45 1.442479745063568e-005
18.6 1.472126672142963e-005
18.75 1.501773599222358e-005
18.9 1.531420526301753e-005
19.05 1.561067453381148e-005
19.2 1.590714380460543e-005
19.35 1.620361307539939e-005
19.5 1.650008234619334e-005
19.65 1.679655161698729e-005
19.8 1.709302088778124e-005
19.95 1.738949015857519e-005
20.1 1.768595942936913e-005
20.25 1.798242870016308e-005
20.4 1.827889797095704e-005
20.55 1.857536724175099e-005
20.7 1.887183651254494e-005
20.85 1.916830578333889e-005
21 1.946477505413284e-005
21.15 1.97612443249268e-005
21.3 2.005771359572074e-005
21.45 2.035418286651468e-005
21.6 2.065065213730864e-005
21.75 2.094712140810259e-005
21.9 2.124359067889654e-005
22.05 2.154005994969049e-005
22.2 2.183652922048444e-005
22.35 2.21329984912784e-005
22.5 2.242946776207235e-005
22.65 2.343258642329183e-005
22.8 2.465702015010814e-005
22.95 2.58814538769245e-005
23.1 2.710588760374084e-005
23.25 2.833032133055717e-005
23.4 2.955475505737352e-005
23.55 3.077918878418983e-005
23.7 3.200362251100619e-005
23.85 3.322805623782253e-005
24 3.445248996463885e-005
24.15 3.567692369145521e-005
24.3 3.690135741827152e-005
24.45 3.812579114508788e-005
24.6 3.935022487190423e-005
24.75 4.057465859872054e-005
24.9 4.17990923255369e-005
25.05 4.302352605235322e-005
25.2 4.424795977916957e-005
25.35 4.547239350598591e-005
25.5 4.669682723280224e-005
25.65 4.792126095961858e-005
25.8 4.91456946864349e-005
25.95 5.037012841325126e-005
26.1 5.159456214006761e-005
26.25 5.281899586688393e-005
26.4 5.404342959370028e-005
26.55 5.52678633205166e-005
26.7 5.649229704733295e-005
26.85 5.77167307741493e-005
27 5.894116450096561e-005
27.15 6.016559822778197e-005
27.3 6.139003195459832e-005
27.45 6.261446568141465e-005
27.6 6.383889940823098e-005
27.75 6.506333313504731e-005
27.9 6.628776686186367e-005
28.05 6.751220058868001e-005
28.2 6.893189028585312e-005
28.35 7.050893677156372e-005
28.5 7.208598325727431e-005
28.65 7.366302974298489e-005
28.8 7.524007622869544e-005
28.95 7.681712271440604e-005
29.1 7.839416920011663e-005
29.25 7.997121568582721e-005
29.4 8.154826217153782e-005
29.55 8.312530865724836e-005
29.7 8.470235514295895e-005
29.85 8.627940162866956e-005
30 8.785644811438008e-005
30.15 8.943349460009074e-005
30.3 9.101054108580128e-005
30.45 9.258758757151188e-005
30.6 9.416463405722247e-005
30.75 9.574168054293301e-005
30.9 9.731872702864361e-005
31.05 9.889577351435418e-005
31.2 0.0001004728200000647
31.35 0.0001020498664857754
31.5 0.0001036269129714859
31.65 0.0001052039594571965
31.8 0.0001067810059429071
31.95 0.0001083580524286176
32.1 0.0001099350989143282
32.25 0.0001115121454000388
32.4 0.0001130891918857494
32.55 0.00011466623837146
32.7 0.0001162432848571706
32.85 0.0001178203313428812
33 0.0001193973778285918
33.15 0.0001209744243143023
33.3 0.0001225514708000129
33.45 0.0001241285172857235
33.6 0.0001257055637714341
33.75 0.0001281237520501963
33.9 0.0001321320112396029
34.05 0.0001361402704290096
34.2 0.0001401485296184166
34.35 0.0001441567888078233
34.5 0.00014816504799723
34.65 0.0001521733071866367
34.8 0.0001561815663760436
34.95 0.0001601898255654503
35.1 0.0001641980847548571
35.25 0.0001682063439442638
35.4 0.0001722146031336705
35.55 0.0001762228623230774
35.7 0.0001802311215124841
35.85 0.0001842393807018909
36 0.0001882476398912977
36.15 0.0001922558990807043
36.3 0.0001962641582701112
36.45 0.000200272417459518
36.6 0.0002042806766489247
36.75 0.0002082889358383314
36.9 0.0002122971950277381
37.05 0.000216305454217145
37.2 0.0002203137134065517
37.35 0.0002243219725959585
37.5 0.0002283302317853652
37.65 0.0002323384909747719
37.8 0.0002363467501641789
37.95 0.0002403550093535855
38.1 0.0002443632685429923
38.25 0.000248371527732399
38.4 0.0002523797869218057
38.55 0.0002563880461112126
38.7 0.0002603963053006194
38.85 0.0002644045644900261
39 0.0002684128236794328
39.15 0.0002724210828688395
39.3 0.000276736953886848
39.45 0.0002829708662156275
39.6 0.0002892047785444072
39.75 0.0002954386908731866
39.9 0.0003016726032019662
40.05 0.0003079065155307461
40.2 0.0003141404278595256
40.35 0.0003203743401883053
40.5 0.0003266082525170849
40.65 0.0003328421648458644
40.8 0.0003390760771746443
40.95 0.0003453099895034238
41.1 0.0003515439018322035
41.25 0.000357777814160983
41.4 0.0003640117264897625
41.55 0.0003702456388185425
41.7 0.0003764795511473222
41.85 0.0003827134634761016
42 0.0003889473758048812
42.15 0.0003951812881336609
42.3 0.0004014152004624406
42.45 0.0004076491127912204
42.6 0.0004138830251199999
42.75 0.0004201169374487794
42.9 0.0004263508497775591
43.05 0.0004325847621063388
43.2 0.0004388186744351185
43.35 0.000445052586763898
43.5 0.0004512864990926775
43.65 0.0004575204114214572
43.8 0.0004637543237502369
43.95 0.0004699882360790166
44.1 0.0004762221484077962
44.25 0.0004824560607365757
44.4 0.0004886899730653553
44.55 0.0004949238853941352
44.7 0.0005011577977229149
44.85 0.0005073917100516944
45 0.0005242405095555983
45.15 0.0005418827877547723
45.3 0.0005595250659539453
45.45 0.0005771673441531194
45.6 0.0005948096223522924
45.75 0.0006124519005514654
45.9 0.0006300941787506384
46.05 0.0006477364569498125
46.2 0.0006653787351489855
46.35 0.0006830210133481585
46.5 0.0007006632915473317
46.65 0.0007183055697465056
46.8 0.0007359478479456797
46.95 0.0007535901261448528
47.1 0.0007712324043440258
47.25 0.0007888746825431988
47.4 0.0008065169607423719
47.55 0.0008241592389415459
47.7 0.000841801517140719
47.85 0.0008594437953398919
48 0.000877086073539066
48.15 0.0008947283517382391
48.3 0.0009123706299374132
48.45 0.0009300129081365861
48.6 0.0009476551863357593
48.75 0.0009652974645349323
48.9 0.0009829397427341053
49.05 0.001000582020933279
49.2 0.001018224299132452
49.35 0.001035866577331626
49.5 0.0010535088555308
49.65 0.001071151133729972
49.8 0.001088793411929146
49.95 0.00110643569012832
50.1 0.001124077968327492
50.25 0.001141720246526666
50.4 0.001159362524725838
50.55 0.001185154836290795
50.7 0.001214074575472456
50.85 0.001242994314654116
51 0.001271914053835776
51.15 0.001300833793017437
51.3 0.001329753532199097
51.45 0.001358673271380758
51.6 0.001387593010562418
51.75 0.001416512749744079
51.9 0.001445432488925739
52.05 0.001474352228107401
52.2 0.001503271967289062
52.35 0.001532191706470722
52.5 0.001561111445652383
52.65 0.001590031184834043
52.8 0.001618950924015705
52.95 0.001647870663197366
53.1 0.001676790402379026
53.25 0.001705710141560685
53.4 0.001734629880742345
53.55 0.001763549619924007
53.7 0.001792469359105668
53.85 0.001821389098287328
54 0.001850308837468989
54.15 0.001879228576650649
54.3 0.001908148315832311
54.45 0.001937068055013972
54.6 0.001965987794195632
54.75 0.001994907533377293
54.9 0.002023827272558953
55.05 0.002052747011740613
55.2 0.002081666750922274
55.35 0.002110586490103934
55.5 0.002139506229285595
55.65 0.002168425968467255
55.8 0.002197345707648917
55.95 0.002226265446830578
56.1 0.00226293792062527
56.25 0.002306913879494836
56.4 0.0023508898383644
56.55 0.002394865797233969
56.7 0.002438841756103535
56.85 0.002482817714973102
57 0.002526793673842665
57.15 0.002570769632712231
57.3 0.0026147455915818
57.45 0.002658721550451366
57.6 0.002702697509320932
57.75 0.002746673468190496
57.9 0.002790649427060062
58.05 0.002834625385929631
58.2 0.002878601344799197
58.35 0.00292257730366876
58.5 0.002966553262538327
58.65 0.003010529221407893
58.8 0.003054505180277462
58.95 0.003098481139147028
59.1 0.003142457098016592
59.25 0.003186433056886158
59.4 0.003230409015755724
59.55 0.003274384974625293
59.7 0.003318360933494856
59.85 0.003362336892364422
60 0.003406312851233989
